service_id,monday,tuesday,wednesday,thursday,friday,saturday,sunday,start_date,end_date
9,0,0,0,0,0,0,0,20240404,20241214
10,1,1,1,1,1,1,1,20240404,20241214
19,0,0,0,0,0,0,0,20240404,20241214
22,0,0,0,0,0,1,0,20240404,20241214
23,0,0,0,0,0,0,0,20240404,20241214
28,0,0,0,0,0,0,0,20240404,20241214
29,0,0,0,0,0,0,0,20240404,20241214
30,0,0,0,0,0,0,0,20240404,20241214
42,1,1,1,1,0,0,0,20240404,20241214
43,0,0,0,0,0,1,0,20240404,20241214
45,0,0,0,0,0,0,1,20240404,20241214
51,0,0,0,0,0,0,0,20240404,20241214
54,0,0,0,0,0,0,0,20240404,20241214
55,0,0,0,0,0,0,0,20240404,20241214
56,1,1,1,1,1,0,0,20240404,20241214
57,0,0,0,0,0,0,0,20240404,20241214
58,0,0,0,0,0,0,0,20240404,20241214
59,0,0,0,0,0,0,0,20240404,20241214
60,0,0,0,0,0,0,0,20240404,20241214
61,0,0,0,0,0,0,0,20240404,20241214
62,0,0,0,0,0,0,0,20240404,20241214
63,0,0,0,0,0,0,0,20240404,20241214
64,0,0,0,0,0,0,0,20240404,20241214
65,0,0,0,0,0,0,0,20240404,20241214
66,0,0,0,0,0,0,0,20240404,20241214
67,0,0,0,0,0,0,0,20240404,20241214
68,0,0,0,0,0,0,0,20240404,20241214
69,0,0,0,0,0,0,0,20240404,20241214
70,0,0,0,0,0,0,0,20240404,20241214
71,1,1,1,1,1,0,0,20240404,20241214
72,0,0,0,0,0,1,0,20240404,20241214
73,0,0,0,0,0,1,1,20240404,20241214
74,0,0,0,0,0,1,0,20240404,20241214
75,0,0,0,0,0,0,1,20240404,20241214
76,0,0,0,0,0,0,1,20240404,20241214
77,0,0,0,0,0,0,0,20240404,20241214
78,1,1,1,1,1,0,0,20240404,20241214
79,1,1,1,1,1,0,0,20240404,20241214
80,0,0,0,0,1,0,0,20240404,20241214
81,1,1,1,1,0,0,0,20240404,20241214
82,1,1,1,1,1,0,0,20240404,20241214
83,0,0,0,0,0,0,0,20240404,20241214
84,0,0,0,0,0,0,0,20240404,20241214
85,0,0,0,0,0,0,0,20240404,20241214
86,0,0,0,0,0,0,0,20240404,20241214
87,0,0,0,0,0,0,0,20240404,20241214
88,0,0,0,0,0,0,0,20240404,20241214
89,1,1,1,1,1,0,0,20240404,20241214
90,0,0,0,0,0,1,0,20240404,20241214
91,0,0,0,0,0,0,0,20240404,20241214
92,0,0,0,0,0,0,1,20240404,20241214
93,0,0,0,0,0,0,0,20240404,20241214
94,0,0,0,0,0,1,0,20240404,20241214
95,0,0,0,0,0,1,1,20240404,20241214
96,0,0,0,0,0,0,0,20240404,20241214
97,0,0,0,0,0,1,0,20240404,20241214
98,0,0,0,0,0,0,0,20240404,20241214
99,0,0,0,0,1,0,0,20240404,20241214
100,1,1,1,1,0,0,0,20240404,20241214
101,1,1,1,1,1,0,0,20240404,20241214
102,0,0,0,0,0,0,0,20240404,20241214
103,1,1,1,1,0,0,0,20240404,20241214
104,0,0,0,0,0,0,0,20240404,20241214
105,0,0,0,0,0,0,0,20240404,20241214
106,0,0,0,0,0,0,0,20240404,20241214
107,0,0,0,0,0,0,0,20240404,20241214
108,0,0,0,0,0,0,0,20240404,20241214
109,0,0,0,0,0,0,0,20240404,20241214
110,0,0,0,0,0,0,0,20240404,20241214
111,0,0,0,0,0,0,0,20240404,20241214
112,0,0,0,0,0,0,0,20240404,20241214
113,0,0,0,0,0,0,0,20240404,20241214
114,0,0,0,0,0,0,0,20240404,20241214
115,0,0,0,0,0,0,0,20240404,20241214
116,0,0,0,0,0,0,0,20240404,20241214
117,0,0,0,0,0,0,0,20240404,20241214
118,0,0,0,0,0,0,0,20240404,20241214
119,0,0,0,0,0,0,0,20240404,20241214
120,0,0,0,0,0,0,0,20240404,20241214
121,0,0,0,0,0,0,0,20240404,20241214
122,0,0,0,0,0,0,0,20240404,20241214
123,0,0,0,0,0,0,0,20240404,20241214
124,0,0,0,0,0,0,0,20240404,20241214
125,0,0,0,0,0,0,0,20240404,20241214
126,0,0,0,0,0,0,0,20240404,20241214
127,0,0,0,0,0,0,0,20240404,20241214
128,0,0,0,0,0,0,0,20240404,20241214
129,1,1,1,1,0,0,0,20240404,20241214
130,1,1,1,1,0,0,0,20240404,20241214
131,1,1,1,1,0,0,0,20240404,20241214
132,0,0,0,0,0,0,0,20240404,20241214
133,0,0,0,0,0,0,0,20240404,20241214
134,0,0,0,0,0,0,0,20240404,20241214
135,0,0,0,0,0,0,0,20240404,20241214
136,1,0,0,0,0,0,0,20240404,20241214
137,0,0,0,0,0,0,0,20240404,20241214
138,1,1,1,1,0,0,0,20240404,20241214
139,1,1,1,1,0,0,0,20240404,20241214
140,0,0,0,0,0,0,0,20240404,20241214
141,1,1,1,1,0,0,0,20240404,20241214
142,1,0,0,0,0,0,0,20240404,20241214
143,0,0,0,0,0,0,0,20240404,20241214
144,0,0,0,0,0,0,0,20240404,20241214
145,0,1,0,0,0,0,0,20240404,20241214
146,0,1,0,0,0,0,0,20240404,20241214
147,0,0,0,0,0,0,0,20240404,20241214
148,0,1,0,0,0,0,0,20240404,20241214
149,0,0,0,0,0,0,0,20240404,20241214
150,0,0,0,0,0,0,0,20240404,20241214
151,0,0,0,0,0,0,0,20240404,20241214
152,0,0,0,0,0,0,0,20240404,20241214
153,0,0,0,0,0,0,0,20240404,20241214
154,0,0,0,0,0,0,0,20240404,20241214
155,0,0,0,0,0,0,0,20240404,20241214
156,0,0,0,0,0,0,0,20240404,20241214
157,0,0,0,0,0,0,0,20240404,20241214
158,0,0,0,0,1,1,0,20240404,20241214
159,0,0,0,0,0,1,1,20240404,20241214
160,0,0,0,0,0,0,1,20240404,20241214
161,0,0,0,0,0,0,0,20240404,20241214
162,0,1,0,0,0,0,0,20240404,20241214
163,0,1,0,0,0,0,0,20240404,20241214
164,0,0,0,0,0,0,0,20240404,20241214
165,0,0,0,0,0,0,0,20240404,20241214
166,0,0,0,0,0,0,0,20240404,20241214
167,0,0,0,0,0,0,0,20240404,20241214
168,0,0,0,0,0,0,0,20240404,20241214
169,0,0,0,0,0,0,0,20240404,20241214
170,0,0,0,0,0,0,0,20240404,20241214
171,0,0,0,0,0,0,0,20240404,20241214
172,0,0,0,0,0,0,0,20240404,20241214
173,0,0,0,0,0,0,0,20240404,20241214
174,0,0,0,0,0,0,0,20240404,20241214
175,0,0,0,0,0,0,0,20240404,20241214
176,0,0,0,0,0,0,0,20240404,20241214
177,0,0,0,0,0,0,0,20240404,20241214
178,0,0,0,0,0,0,0,20240404,20241214
179,0,0,0,0,0,0,0,20240404,20241214
180,0,0,0,0,0,0,0,20240404,20241214
181,0,0,0,0,0,0,0,20240404,20241214
182,0,0,0,0,0,0,0,20240404,20241214
183,0,0,0,0,0,0,0,20240404,20241214
184,0,0,0,0,0,0,0,20240404,20241214
185,0,0,0,0,0,0,0,20240404,20241214
186,0,0,0,0,0,0,0,20240404,20241214
187,0,0,0,0,0,0,0,20240404,20241214
188,0,0,0,0,0,0,0,20240404,20241214
189,0,0,0,0,0,0,0,20240404,20241214
190,0,0,0,0,0,0,0,20240404,20241214
191,0,0,0,0,0,0,0,20240404,20241214
192,0,0,0,0,0,0,0,20240404,20241214
193,1,1,1,1,1,0,0,20240404,20241214
194,0,0,0,0,0,0,0,20240404,20241214
195,0,0,0,0,0,0,0,20240404,20241214
196,1,1,1,1,1,0,0,20240404,20241214
197,0,0,0,0,0,0,0,20240404,20241214
198,0,0,0,0,0,0,0,20240404,20241214
199,0,0,0,0,0,0,0,20240404,20241214
200,0,0,0,0,0,0,0,20240404,20241214
201,0,0,0,0,0,1,0,20240404,20241214
202,0,0,0,0,0,0,0,20240404,20241214
203,0,0,0,0,0,1,0,20240404,20241214
204,0,0,0,0,0,1,0,20240404,20241214
205,0,0,0,0,0,0,0,20240404,20241214
206,0,0,0,0,0,1,1,20240404,20241214
207,0,0,0,0,0,0,0,20240404,20241214
208,0,0,0,0,0,1,1,20240404,20241214
209,0,0,0,0,0,0,0,20240404,20241214
210,0,0,0,0,0,1,1,20240404,20241214
211,0,0,0,0,0,0,0,20240404,20241214
212,1,1,1,1,1,1,1,20240404,20241214
213,0,0,0,0,0,0,0,20240404,20241214
214,0,0,0,0,0,0,0,20240404,20241214
215,1,1,1,1,1,1,0,20240404,20241214
216,0,0,0,0,0,0,0,20240404,20241214
217,0,0,0,0,0,0,0,20240404,20241214
218,1,1,1,1,1,1,1,20240404,20241214
219,0,0,0,0,0,0,0,20240404,20241214
220,0,0,0,0,0,0,0,20240404,20241214
221,1,1,1,1,0,0,1,20240404,20241214
222,0,0,0,0,0,0,0,20240404,20241214
223,0,0,0,0,1,1,0,20240404,20241214
224,0,0,0,0,0,0,0,20240404,20241214
225,0,0,0,0,0,0,0,20240404,20241214
226,0,0,0,0,0,0,0,20240404,20241214
227,1,1,1,1,0,0,1,20240404,20241214
228,0,0,0,0,0,0,0,20240404,20241214
229,1,1,1,1,0,0,1,20240404,20241214
230,0,0,0,0,0,0,0,20240404,20241214
231,0,0,0,0,0,0,0,20240404,20241214
232,1,1,1,1,0,0,1,20240404,20241214
233,0,0,0,0,0,0,0,20240404,20241214
234,0,0,0,0,0,0,0,20240404,20241214
235,1,1,1,1,0,0,1,20240404,20241214
236,0,0,0,0,0,0,0,20240404,20241214
237,0,0,0,0,0,0,0,20240404,20241214
238,0,0,0,0,0,0,0,20240404,20241214
239,0,0,0,0,1,1,0,20240404,20241214
240,0,0,0,0,0,1,1,20240404,20241214
241,0,0,0,0,0,0,1,20240404,20241214
242,0,0,0,0,1,1,0,20240404,20241214
243,0,0,0,0,0,0,0,20240404,20241214
244,1,1,1,1,1,0,0,20240404,20241214
245,0,0,0,0,0,0,0,20240404,20241214
246,0,0,0,0,0,0,0,20240404,20241214
247,0,0,0,0,0,0,0,20240404,20241214
248,1,1,1,1,1,0,0,20240404,20241214
249,1,1,1,1,1,0,0,20240404,20241214
250,0,0,0,0,0,0,0,20240404,20241214
251,0,0,0,0,0,0,0,20240404,20241214
252,1,1,1,1,1,0,0,20240404,20241214
253,0,0,0,0,0,0,0,20240404,20241214
254,0,0,0,0,0,0,0,20240404,20241214
255,0,0,0,0,0,0,0,20240404,20241214
256,1,1,1,1,1,0,0,20240404,20241214
257,0,0,0,0,0,0,0,20240404,20241214
258,0,0,0,0,0,0,0,20240404,20241214
259,0,0,0,0,0,0,0,20240404,20241214
260,1,1,1,1,1,0,0,20240404,20241214
261,1,1,1,1,1,0,0,20240404,20241214
262,0,0,0,0,0,0,0,20240404,20241214
263,0,0,0,0,0,0,0,20240404,20241214
264,0,0,0,0,0,0,0,20240404,20241214
265,1,1,1,1,1,0,0,20240404,20241214
266,1,1,1,1,1,0,0,20240404,20241214
267,0,0,0,0,0,0,0,20240404,20241214
268,1,1,1,1,1,0,0,20240404,20241214
269,1,1,1,1,1,0,0,20240404,20241214
270,0,0,0,0,0,1,0,20240404,20241214
271,0,0,0,0,0,0,1,20240404,20241214
272,0,0,0,0,0,1,1,20240404,20241214
273,0,0,0,0,0,0,0,20240404,20241214
274,1,1,1,1,1,1,1,20240404,20241214
275,0,0,0,0,0,0,0,20240404,20241214
276,0,0,0,0,0,0,0,20240404,20241214
277,0,0,0,0,0,0,0,20240404,20241214
278,0,0,0,0,0,0,0,20240404,20241214
279,1,1,1,1,1,1,1,20240404,20241214
280,1,1,1,1,1,1,1,20240404,20241214
281,1,1,1,1,1,1,1,20240404,20241214
282,0,0,0,0,0,0,0,20240404,20241214
283,0,0,0,0,0,0,0,20240404,20241214
284,1,1,1,1,0,0,1,20240404,20241214
285,0,0,0,0,1,1,0,20240404,20241214
286,0,0,0,0,0,0,0,20240404,20241214
287,1,1,1,1,1,1,1,20240404,20241214
288,0,0,0,0,0,0,0,20240404,20241214
289,1,1,1,1,0,0,1,20240404,20241214
290,0,0,0,0,0,0,1,20240404,20241214
291,0,0,0,0,0,1,0,20240404,20241214
292,0,0,0,0,0,1,0,20240404,20241214
293,0,0,0,0,0,0,0,20240404,20241214
294,0,0,0,0,0,0,1,20240404,20241214
295,1,1,1,1,1,0,0,20240404,20241214
296,0,0,0,0,0,0,0,20240404,20241214
297,1,1,1,1,1,0,0,20240404,20241214
298,0,0,0,0,0,0,0,20240404,20241214
299,0,0,0,0,0,0,0,20240404,20241214
300,0,0,0,0,0,0,0,20240404,20241214
301,0,1,0,0,0,0,0,20240404,20241214
302,0,0,0,0,0,0,0,20240404,20241214
303,0,0,0,0,0,0,0,20240404,20241214
304,0,0,0,0,0,0,0,20240404,20241214
305,0,0,0,0,0,0,0,20240404,20241214
306,0,0,0,0,0,0,0,20240404,20241214
307,1,1,1,1,0,0,0,20240404,20241214
308,0,0,0,0,0,0,0,20240404,20241214
309,1,1,1,1,0,0,0,20240404,20241214
310,0,0,0,0,0,0,0,20240404,20241214
311,0,0,0,0,0,0,0,20240404,20241214
312,0,0,0,0,0,0,0,20240404,20241214
313,1,1,1,1,0,0,0,20240404,20241214
314,0,0,0,0,0,0,0,20240404,20241214
315,0,0,0,0,0,0,0,20240404,20241214
316,0,0,0,0,0,0,0,20240404,20241214
317,0,0,0,0,0,0,0,20240404,20241214
318,1,1,1,1,0,0,0,20240404,20241214
319,1,1,1,1,0,0,0,20240404,20241214
320,0,0,0,0,0,0,0,20240404,20241214
321,0,0,0,0,0,0,0,20240404,20241214
322,0,0,0,0,0,0,0,20240404,20241214
323,0,0,0,0,0,0,0,20240404,20241214
324,0,0,0,0,0,0,0,20240404,20241214
325,0,0,0,0,0,0,0,20240404,20241214
326,0,0,0,0,0,0,0,20240404,20241214
327,0,0,0,0,0,0,0,20240404,20241214
328,0,0,0,0,0,0,0,20240404,20241214
329,0,0,0,0,0,0,0,20240404,20241214
330,0,0,0,0,0,0,0,20240404,20241214
331,0,0,0,0,0,0,0,20240404,20241214
332,0,0,0,0,0,0,0,20240404,20241214
333,0,0,0,0,0,0,0,20240404,20241214
334,0,0,0,0,0,0,0,20240404,20241214
335,0,0,0,0,0,0,0,20240404,20241214
336,0,0,0,0,0,0,0,20240404,20241214
337,0,0,0,0,0,0,0,20240404,20241214
338,0,0,0,0,0,0,0,20240404,20241214
339,0,0,0,0,0,0,0,20240404,20241214
340,0,0,0,0,0,0,0,20240404,20241214
341,0,0,0,0,0,0,0,20240404,20241214
342,0,0,0,0,0,0,0,20240404,20241214
343,0,0,0,0,0,0,0,20240404,20241214
344,0,0,0,0,0,0,0,20240404,20241214
345,1,1,1,1,1,0,0,20240404,20241214
346,0,0,0,0,0,0,0,20240404,20241214
347,1,1,1,1,1,1,0,20240404,20241214
348,0,0,0,0,0,1,0,20240404,20241214
349,1,1,1,1,1,1,1,20240404,20241214
350,0,0,0,0,0,0,1,20240404,20241214
351,0,0,0,0,0,0,0,20240404,20241214
352,0,0,0,0,0,0,0,20240404,20241214
353,0,0,0,0,0,0,0,20240404,20241214
354,0,0,0,0,0,0,0,20240404,20241214
355,1,1,1,1,0,0,1,20240404,20241214
356,0,0,0,0,0,0,0,20240404,20241214
357,0,0,0,0,1,1,0,20240404,20241214
358,0,0,0,0,0,1,1,20240404,20241214
359,0,0,0,0,0,0,0,20240404,20241214
360,0,0,0,0,0,0,0,20240404,20241214
361,0,0,0,0,0,0,0,20240404,20241214
362,0,0,0,0,0,0,0,20240404,20241214
363,0,0,0,0,0,0,0,20240404,20241214
364,0,0,0,0,0,0,0,20240404,20241214
365,0,0,0,0,0,0,0,20240404,20241214
366,1,1,1,1,1,0,0,20240404,20241214
367,1,1,1,1,1,0,0,20240404,20241214
368,0,0,0,0,0,1,0,20240404,20241214
369,0,0,0,0,0,1,0,20240404,20241214
370,1,1,1,1,1,1,0,20240404,20241214
371,1,1,1,1,1,1,0,20240404,20241214
372,0,0,0,0,0,0,1,20240404,20241214
373,0,0,0,0,0,0,1,20240404,20241214
374,0,0,0,0,0,0,0,20240404,20241214
375,1,1,1,1,1,1,1,20240404,20241214
376,1,1,1,1,1,1,1,20240404,20241214
377,0,0,0,0,0,0,1,20240404,20241214
378,1,1,1,1,1,1,0,20240404,20241214
379,0,0,0,0,0,0,0,20240404,20241214
380,0,0,0,0,0,0,0,20240404,20241214
381,0,0,0,0,0,0,0,20240404,20241214
382,1,1,1,1,1,1,0,20240404,20241214
383,0,0,0,0,0,0,0,20240404,20241214
384,0,0,0,0,0,0,0,20240404,20241214
385,1,1,1,1,1,0,0,20240404,20241214
386,0,0,0,0,0,0,0,20240404,20241214
387,1,1,1,1,1,0,0,20240404,20241214
388,0,0,0,0,0,1,0,20240404,20241214
389,0,0,0,0,0,0,0,20240404,20241214
390,1,1,1,1,1,1,0,20240404,20241214
391,0,0,0,0,0,0,0,20240404,20241214
392,0,0,0,0,0,0,1,20240404,20241214
393,0,0,0,0,0,0,0,20240404,20241214
394,1,1,1,1,1,1,1,20240404,20241214
395,1,1,1,1,1,1,1,20240404,20241214
396,1,1,1,1,1,1,1,20240404,20241214
397,1,1,1,1,1,1,0,20240404,20241214
398,0,0,0,0,0,0,1,20240404,20241214
399,0,0,0,0,0,0,0,20240404,20241214
400,1,1,1,1,1,1,0,20240404,20241214
401,0,0,0,0,0,0,1,20240404,20241214
402,1,1,1,1,1,1,0,20240404,20241214
403,1,1,1,1,1,1,0,20240404,20241214
404,0,0,0,0,0,0,0,20240404,20241214
405,1,1,1,1,1,1,0,20240404,20241214
406,0,0,0,0,0,1,0,20240404,20241214
407,0,0,0,0,0,0,0,20240404,20241214
408,1,1,1,1,1,0,1,20240404,20241214
409,1,1,1,1,1,1,0,20240404,20241214
410,0,0,0,0,0,0,1,20240404,20241214
411,1,1,1,1,1,1,1,20240404,20241214
412,0,0,0,0,0,0,0,20240404,20241214
413,0,0,0,0,0,0,1,20240404,20241214
414,0,0,0,0,0,0,0,20240404,20241214
415,0,0,0,0,0,0,0,20240404,20241214
416,0,0,0,0,0,0,0,20240404,20241214
417,1,1,1,1,1,1,0,20240404,20241214
418,0,0,0,0,0,0,0,20240404,20241214
419,0,0,0,0,0,0,0,20240404,20241214
420,1,1,1,1,1,1,1,20240404,20241214
421,0,0,0,0,0,0,0,20240404,20241214
422,1,1,1,1,0,0,1,20240404,20241214
423,0,0,0,0,0,1,0,20240404,20241214
424,1,1,1,1,0,0,1,20240404,20241214
425,1,1,1,1,1,1,1,20240404,20241214
426,1,1,1,1,1,1,0,20240404,20241214
427,0,0,0,0,0,0,1,20240404,20241214
428,0,0,0,0,0,1,1,20240404,20241214
429,0,0,0,0,0,0,0,20240404,20241214
430,0,0,0,0,0,0,0,20240404,20241214
431,0,0,0,0,0,0,0,20240404,20241214
432,0,0,0,0,0,0,0,20240404,20241214
433,0,0,0,0,0,0,0,20240404,20241214
434,0,0,0,0,0,0,0,20240404,20241214
435,0,0,0,0,0,0,0,20240404,20241214
436,0,0,0,0,0,0,0,20240404,20241214
437,0,0,0,0,0,0,0,20240404,20241214
438,1,1,1,1,1,0,0,20240404,20241214
439,1,1,1,1,1,1,0,20240404,20241214
440,1,1,1,1,1,1,1,20240404,20241214
441,1,1,1,1,1,1,1,20240404,20241214
442,0,0,0,0,0,0,0,20240404,20241214
443,1,1,1,1,1,1,1,20240404,20241214
444,0,0,0,0,0,0,0,20240404,20241214
445,0,0,0,0,0,0,0,20240404,20241214
446,1,1,1,1,1,1,1,20240404,20241214
447,1,1,1,1,1,1,1,20240404,20241214
448,1,1,1,1,1,1,1,20240404,20241214
449,0,0,0,0,0,0,0,20240404,20241214
450,1,1,1,1,1,1,1,20240404,20241214
451,0,0,0,0,0,0,0,20240404,20241214
452,1,1,1,1,0,0,1,20240404,20241214
453,0,0,0,0,1,1,0,20240404,20241214
454,0,0,0,0,0,0,0,20240404,20241214
455,1,1,1,1,0,0,1,20240404,20241214
456,1,1,1,1,0,0,1,20240404,20241214
457,0,0,0,0,0,0,0,20240404,20241214
458,0,0,0,0,1,1,0,20240404,20241214
459,0,0,0,0,1,1,0,20240404,20241214
460,0,0,0,0,1,1,0,20240404,20241214
461,0,0,0,0,0,1,1,20240404,20241214
462,0,0,0,0,0,0,1,20240404,20241214
463,0,0,0,0,0,0,0,20240404,20241214
464,0,0,0,0,0,0,0,20240404,20241214
465,1,1,1,1,1,1,1,20240404,20241214
466,0,0,0,0,1,1,0,20240404,20241214
467,1,1,1,1,0,0,1,20240404,20241214
468,0,0,0,0,0,0,0,20240404,20241214
469,1,1,1,1,1,0,0,20240404,20241214
470,0,0,0,0,0,1,0,20240404,20241214
471,0,0,0,0,0,0,1,20240404,20241214
472,0,0,0,0,0,1,1,20240404,20241214
473,1,1,1,1,1,1,1,20240404,20241214
474,1,1,1,1,1,1,1,20240404,20241214
475,0,0,0,0,0,0,0,20240404,20241214
476,1,1,1,1,1,0,0,20240404,20241214
477,0,0,0,0,0,1,0,20240404,20241214
478,0,0,0,0,1,0,0,20240404,20241214
479,0,0,0,0,0,0,1,20240404,20241214
480,1,1,1,1,0,0,0,20240404,20241214
481,1,1,1,1,1,0,0,20240404,20241214
482,0,0,0,0,0,0,0,20240404,20241214
483,1,1,1,1,1,0,0,20240404,20241214
484,0,0,0,0,0,0,0,20240404,20241214
485,1,1,1,1,1,0,0,20240404,20241214
486,1,1,1,1,1,0,0,20240404,20241214
487,0,0,0,0,0,1,1,20240404,20241214
488,1,1,1,1,1,1,1,20240404,20241214
489,1,1,1,1,1,1,1,20240404,20241214
490,1,1,1,1,1,0,0,20240404,20241214
491,1,1,1,1,1,0,0,20240404,20241214
492,0,0,0,0,0,1,1,20240404,20241214
493,1,1,1,1,1,0,0,20240404,20241214
494,0,0,0,0,0,0,0,20240404,20241214
495,0,0,0,0,0,0,0,20240404,20241214
496,0,0,0,0,0,1,1,20240404,20241214
497,1,1,1,1,1,0,0,20240404,20241214
498,0,0,0,0,0,0,0,20240404,20241214
499,0,0,0,0,0,1,1,20240404,20241214
500,0,0,0,0,0,0,0,20240404,20241214
501,1,1,1,1,1,1,1,20240404,20241214
502,1,1,1,1,1,1,1,20240404,20241214
503,1,1,1,1,1,1,1,20240404,20241214
504,1,1,1,1,0,0,1,20240404,20241214
505,0,0,0,0,0,0,0,20240404,20241214
506,0,0,0,0,0,0,0,20240404,20241214
507,0,0,0,0,0,0,0,20240404,20241214
508,0,0,0,0,0,0,0,20240404,20241214
509,0,0,0,0,0,0,0,20240404,20241214
510,0,0,0,0,0,0,0,20240404,20241214
511,0,0,0,0,0,0,0,20240404,20241214
512,0,0,0,0,0,0,0,20240404,20241214
513,0,0,0,0,1,1,0,20240404,20241214
514,0,0,0,0,0,0,0,20240404,20241214
515,1,1,1,1,0,0,1,20240404,20241214
516,0,0,0,0,0,0,0,20240404,20241214
517,0,0,0,0,1,1,0,20240404,20241214
518,0,0,0,0,0,1,0,20240404,20241214
519,0,0,0,0,0,1,0,20240404,20241214
520,1,1,1,1,1,0,0,20240404,20241214
521,0,0,0,0,0,0,0,20240404,20241214
522,1,1,1,1,1,0,0,20240404,20241214
523,1,1,1,1,1,1,1,20240404,20241214
524,1,1,1,1,1,1,1,20240404,20241214
525,1,1,1,1,1,1,1,20240404,20241214
526,1,1,1,1,1,1,1,20240404,20241214
527,0,0,0,0,0,0,0,20240404,20241214
528,0,0,0,0,0,0,0,20240404,20241214
529,1,1,1,1,0,0,1,20240404,20241214
530,1,1,1,1,1,1,1,20240404,20241214
531,1,1,1,1,0,0,1,20240404,20241214
532,0,0,0,0,0,0,1,20240404,20241214
533,0,0,0,0,0,0,1,20240404,20241214
534,0,0,0,0,0,0,0,20240404,20241214
535,0,0,0,0,0,0,0,20240404,20241214
536,0,0,0,0,0,0,0,20240404,20241214
537,0,0,0,0,0,0,0,20240404,20241214
538,0,0,0,0,0,0,0,20240404,20241214
539,1,1,0,1,0,0,0,20240404,20241214
540,1,1,0,1,0,0,0,20240404,20241214
541,1,1,1,1,0,0,0,20240404,20241214
542,1,1,1,1,0,0,0,20240404,20241214
543,0,0,0,0,0,0,0,20240404,20241214
544,0,0,0,0,0,0,0,20240404,20241214
545,1,1,1,1,0,0,0,20240404,20241214
546,1,1,1,1,0,0,0,20240404,20241214
547,1,1,0,1,0,0,0,20240404,20241214
548,0,0,0,0,0,0,0,20240404,20241214
549,0,0,0,0,0,0,0,20240404,20241214
550,0,0,0,0,0,0,0,20240404,20241214
551,0,0,0,0,0,0,0,20240404,20241214
552,0,0,0,0,0,0,0,20240404,20241214
553,0,0,0,0,0,0,0,20240404,20241214
554,0,0,0,0,0,0,0,20240404,20241214
555,1,1,1,1,0,0,0,20240404,20241214
556,1,1,1,1,0,0,0,20240404,20241214
557,1,1,1,1,0,0,0,20240404,20241214
558,1,1,1,1,0,0,0,20240404,20241214
559,0,0,0,0,0,0,0,20240404,20241214
560,0,0,0,0,0,0,0,20240404,20241214
561,0,0,0,0,0,0,0,20240404,20241214
562,0,0,0,0,0,0,0,20240404,20241214
563,0,0,0,0,0,0,0,20240404,20241214
564,0,0,0,0,0,0,0,20240404,20241214
565,0,0,0,0,0,0,0,20240404,20241214
566,1,1,1,1,1,1,0,20240404,20241214
567,1,1,1,1,1,1,0,20240404,20241214
568,1,1,1,1,1,1,1,20240404,20241214
569,1,1,1,1,1,1,1,20240404,20241214
570,1,1,1,1,1,1,1,20240404,20241214
571,1,1,1,1,1,1,1,20240404,20241214
572,0,0,0,0,0,1,0,20240404,20241214
573,1,1,1,1,1,0,0,20240404,20241214
574,1,1,1,1,1,1,0,20240404,20241214
575,1,1,1,1,1,0,1,20240404,20241214
576,0,0,0,0,1,1,1,20240404,20241214
577,1,1,1,1,1,1,1,20240404,20241214
578,1,1,1,0,0,0,0,20240404,20241214
579,0,1,0,0,0,0,0,20240404,20241214
580,0,0,0,0,0,0,0,20240404,20241214
581,0,0,0,0,0,0,0,20240404,20241214
582,0,0,0,0,0,1,0,20240404,20241214
583,0,0,0,0,0,0,0,20240404,20241214
584,0,0,0,0,0,1,0,20240404,20241214
585,0,0,0,0,0,0,0,20240404,20241214
586,0,0,0,0,0,1,0,20240404,20241214
587,0,0,0,0,0,1,0,20240404,20241214
588,0,0,0,0,0,0,0,20240404,20241214
589,0,0,0,0,0,0,0,20240404,20241214
590,0,0,0,0,0,1,0,20240404,20241214
591,0,0,0,0,0,0,0,20240404,20241214
592,0,0,0,0,0,0,0,20240404,20241214
593,0,0,0,0,0,0,0,20240404,20241214
594,0,0,0,0,0,0,0,20240404,20241214
595,0,0,0,0,0,1,1,20240404,20241214
596,1,1,1,1,1,0,0,20240404,20241214
597,0,0,0,0,0,1,1,20240404,20241214
598,1,1,1,1,1,0,0,20240404,20241214
599,0,0,0,0,0,0,0,20240404,20241214
600,0,0,0,0,0,0,0,20240404,20241214
601,0,0,0,0,0,0,0,20240404,20241214
602,0,0,0,0,0,0,0,20240404,20241214
603,1,1,1,1,1,0,0,20240404,20241214
604,0,0,0,0,0,0,0,20240404,20241214
605,0,0,0,0,0,0,0,20240404,20241214
606,0,0,0,0,0,0,0,20240404,20241214
607,1,1,1,1,1,1,1,20240404,20241214
608,0,0,0,0,0,0,0,20240404,20241214
609,0,0,0,0,0,0,0,20240404,20241214
610,0,0,0,0,0,0,0,20240404,20241214
611,0,0,0,0,0,0,0,20240404,20241214
612,1,1,1,1,0,1,0,20240404,20241214
613,0,0,0,0,1,0,1,20240404,20241214
614,0,0,0,0,0,0,0,20240404,20241214
615,0,0,0,0,1,0,1,20240404,20241214
616,1,1,1,1,1,1,1,20240404,20241214
617,0,0,0,0,0,0,0,20240404,20241214
618,1,1,1,1,1,0,1,20240404,20241214
619,0,0,0,0,0,0,0,20240404,20241214
620,0,0,0,0,0,0,0,20240404,20241214
621,0,0,0,0,0,0,0,20240404,20241214
622,0,0,0,0,0,0,0,20240404,20241214
623,0,0,0,0,0,0,0,20240404,20241214
624,1,1,1,1,1,0,0,20240404,20241214
625,0,0,0,0,0,1,0,20240404,20241214
626,0,0,0,0,0,1,1,20240404,20241214
627,1,1,1,1,1,0,0,20240404,20241214
628,1,1,1,1,1,1,1,20240404,20241214
629,0,0,0,0,0,1,1,20240404,20241214
630,0,0,0,0,0,0,0,20240404,20241214
631,0,0,0,0,0,0,0,20240404,20241214
632,0,0,0,0,0,1,1,20240404,20241214
633,1,1,1,1,1,1,1,20240404,20241214
634,0,0,0,0,0,0,0,20240404,20241214
635,0,0,0,0,0,0,0,20240404,20241214
636,1,1,1,1,1,1,1,20240404,20241214
637,0,0,0,0,0,0,0,20240404,20241214
638,1,1,1,1,1,1,1,20240404,20241214
639,1,1,1,1,1,1,1,20240404,20241214
640,0,0,0,0,0,0,0,20240404,20241214
641,1,1,1,1,1,1,1,20240404,20241214
642,0,0,0,0,0,1,0,20240404,20241214
643,1,1,1,1,1,0,1,20240404,20241214
644,0,0,0,0,0,0,0,20240404,20241214
645,0,0,0,0,0,0,0,20240404,20241214
646,1,1,1,1,1,1,1,20240404,20241214
647,0,0,0,0,0,0,0,20240404,20241214
648,0,0,0,0,1,1,0,20240404,20241214
649,1,1,1,1,0,0,1,20240404,20241214
650,0,0,0,0,0,0,0,20240404,20241214
651,1,1,1,1,0,1,1,20240404,20241214
652,0,0,0,0,1,0,0,20240404,20241214
653,0,0,0,0,0,0,0,20240404,20241214
654,1,1,1,1,1,0,0,20240404,20241214
655,0,0,0,0,0,1,1,20240404,20241214
656,1,1,1,1,1,0,0,20240404,20241214
657,1,1,1,1,1,1,0,20240404,20241214
658,0,0,0,0,0,0,1,20240404,20241214
659,1,1,1,1,1,1,1,20240404,20241214
660,1,1,1,1,1,1,1,20240404,20241214
661,1,1,1,1,1,1,1,20240404,20241214
662,0,0,0,0,0,0,0,20240404,20241214
663,0,0,0,0,0,0,0,20240404,20241214
664,0,0,0,0,0,0,0,20240404,20241214
665,0,0,0,0,0,0,0,20240404,20241214
666,0,0,0,0,0,0,0,20240404,20241214
667,0,0,0,0,0,0,0,20240404,20241214
668,0,0,0,0,0,0,0,20240404,20241214
669,0,0,0,0,0,0,0,20240404,20241214
670,0,0,0,0,1,1,0,20240404,20241214
671,1,1,1,1,0,0,1,20240404,20241214
672,0,0,0,0,0,0,0,20240404,20241214
673,0,0,0,0,1,1,0,20240404,20241214
674,0,0,0,0,0,0,0,20240404,20241214
675,0,0,0,0,1,1,0,20240404,20241214
676,0,0,0,0,1,1,0,20240404,20241214
677,0,0,0,0,0,1,1,20240404,20241214
678,0,0,0,0,0,0,1,20240404,20241214
679,0,0,0,0,0,1,0,20240404,20241214
680,0,0,0,0,0,0,1,20240404,20241214
681,0,0,0,0,0,0,1,20240404,20241214
682,0,0,0,0,0,1,0,20240404,20241214
683,1,1,1,1,1,0,0,20240404,20241214
684,1,1,1,1,1,0,0,20240404,20241214
685,0,0,0,0,0,0,0,20240404,20241214
686,0,0,0,0,0,1,0,20240404,20241214
687,1,1,1,1,1,0,0,20240404,20241214
688,0,0,0,0,0,0,0,20240404,20241214
689,1,1,1,1,1,1,0,20240404,20241214
690,0,0,0,0,0,0,1,20240404,20241214
691,0,0,0,0,0,0,0,20240404,20241214
692,0,0,0,0,0,0,1,20240404,20241214
693,0,0,0,0,0,1,1,20240404,20241214
694,1,1,1,1,1,1,1,20240404,20241214
695,1,1,1,1,1,1,1,20240404,20241214
696,0,0,0,0,0,0,0,20240404,20241214
697,1,1,1,1,1,1,1,20240404,20241214
698,1,1,1,1,1,1,1,20240404,20241214
699,0,0,0,0,0,0,0,20240404,20241214
700,1,1,1,1,1,1,1,20240404,20241214
701,1,1,1,1,1,1,1,20240404,20241214
702,1,1,1,1,1,1,1,20240404,20241214
703,1,1,1,1,1,1,1,20240404,20241214
704,0,0,0,0,0,0,0,20240404,20241214
705,1,1,1,1,0,1,1,20240404,20241214
706,0,0,0,0,1,0,0,20240404,20241214
707,1,1,1,1,1,1,1,20240404,20241214
708,1,1,1,1,0,0,1,20240404,20241214
709,0,0,0,0,1,1,0,20240404,20241214
710,0,0,0,0,0,1,0,20240404,20241214
711,1,1,1,1,1,0,0,20240404,20241214
712,1,1,1,1,1,1,0,20240404,20241214
713,1,1,1,1,1,1,1,20240404,20241214
714,1,1,1,1,0,0,1,20240404,20241214
715,0,0,0,0,1,1,0,20240404,20241214
716,0,0,0,0,0,0,0,20240404,20241214
717,0,0,0,0,0,1,0,20240404,20241214
718,1,1,1,1,1,0,0,20240404,20241214
719,1,1,1,1,1,0,0,20240404,20241214
720,0,0,0,0,0,0,0,20240404,20241214
721,1,1,1,1,1,1,0,20240404,20241214
722,1,1,1,1,1,0,0,20240404,20241214
723,0,0,0,0,0,0,1,20240404,20241214
724,1,1,1,1,1,1,1,20240404,20241214
725,1,1,1,1,1,1,0,20240404,20241214
726,1,1,1,1,1,1,1,20240404,20241214
727,1,1,1,1,1,1,1,20240404,20241214
728,1,1,1,1,1,1,1,20240404,20241214
729,1,1,1,1,1,1,1,20240404,20241214
730,1,1,1,1,1,1,1,20240404,20241214
731,0,0,0,0,0,0,0,20240404,20241214
732,0,0,0,0,1,1,0,20240404,20241214
733,0,0,0,0,1,1,0,20240404,20241214
734,1,1,1,1,0,0,1,20240404,20241214
735,0,0,0,0,0,1,1,20240404,20241214
736,1,1,1,1,1,0,0,20240404,20241214
737,0,0,0,0,0,0,0,20240404,20241214
738,0,0,0,0,0,1,0,20240404,20241214
739,1,1,1,1,1,1,0,20240404,20241214
740,1,1,1,1,1,1,1,20240404,20241214
741,1,1,1,1,1,1,0,20240404,20241214
742,0,0,0,0,0,0,1,20240404,20241214
743,0,0,0,0,0,0,0,20240404,20241214
744,0,0,0,0,1,1,0,20240404,20241214
745,1,1,1,1,0,0,0,20240404,20241214
746,0,0,0,0,0,0,0,20240404,20241214
747,1,1,1,1,0,0,0,20240404,20241214
748,1,1,1,1,0,0,1,20240404,20241214
749,1,1,1,1,0,0,0,20240404,20241214
750,0,0,0,0,1,1,0,20240404,20241214
751,0,0,0,0,0,0,0,20240404,20241214
752,1,1,1,1,1,0,0,20240404,20241214
753,1,1,1,1,1,0,0,20240404,20241214
754,1,1,1,1,0,0,0,20240404,20241214
755,0,0,0,0,1,0,0,20240404,20241214
756,0,0,0,0,1,0,0,20240404,20241214
757,1,1,1,1,1,0,0,20240404,20241214
758,0,0,0,0,0,0,0,20240404,20241214
759,1,1,1,1,1,1,0,20240404,20241214
760,1,1,1,1,1,0,0,20240404,20241214
761,1,1,1,1,1,0,0,20240404,20241214
762,1,1,1,1,1,1,0,20240404,20241214
763,1,1,1,1,1,1,1,20240404,20241214
764,1,1,1,1,1,1,1,20240404,20241214
765,1,1,1,1,1,1,1,20240404,20241214
766,1,1,1,1,1,1,1,20240404,20241214
767,0,0,0,0,1,1,0,20240404,20241214
768,1,1,1,1,0,0,1,20240404,20241214
769,1,1,1,1,0,0,1,20240404,20241214
770,1,1,1,1,0,0,1,20240404,20241214
771,1,1,1,1,0,0,1,20240404,20241214
772,1,1,1,1,1,1,1,20240404,20241214
773,1,1,1,1,0,0,0,20240404,20241214
774,0,0,0,0,0,0,1,20240404,20241214
775,0,0,0,0,0,0,1,20240404,20241214
776,0,0,0,0,0,1,1,20240404,20241214
777,0,0,0,0,0,1,0,20240404,20241214
778,0,0,0,0,0,0,0,20240404,20241214
779,1,1,1,1,1,0,0,20240404,20241214
780,0,0,0,0,0,0,0,20240404,20241214
781,0,0,0,0,0,0,0,20240404,20241214
782,0,0,0,0,0,1,0,20240404,20241214
783,1,1,1,1,1,0,0,20240404,20241214
784,0,0,0,0,0,0,0,20240404,20241214
785,0,0,0,0,0,0,0,20240404,20241214
786,0,0,0,0,0,1,0,20240404,20241214
787,0,0,0,0,0,0,0,20240404,20241214
788,0,0,0,0,0,0,1,20240404,20241214
789,0,0,0,0,0,0,0,20240404,20241214
790,1,1,1,1,1,1,0,20240404,20241214
791,1,1,1,1,1,1,0,20240404,20241214
792,0,0,0,0,0,0,0,20240404,20241214
793,1,1,1,1,1,1,1,20240404,20241214
794,0,0,0,0,0,0,0,20240404,20241214
795,1,1,1,1,1,1,1,20240404,20241214
796,1,1,1,1,1,1,1,20240404,20241214
797,1,1,1,1,1,1,1,20240404,20241214
798,0,0,0,0,0,0,0,20240404,20241214
799,0,0,0,0,0,0,0,20240404,20241214
800,0,0,0,0,1,1,0,20240404,20241214
801,1,1,1,1,0,0,1,20240404,20241214
802,0,0,0,0,0,0,0,20240404,20241214
803,1,1,1,1,1,1,1,20240404,20241214
804,0,0,0,0,0,0,0,20240404,20241214
805,0,0,0,0,0,1,1,20240404,20241214
806,0,0,0,0,0,1,0,20240404,20241214
807,1,1,1,1,1,1,0,20240404,20241214
808,1,1,1,1,1,1,0,20240404,20241214
809,1,1,1,1,1,1,0,20240404,20241214
810,1,1,1,1,1,1,1,20240404,20241214
811,1,1,1,1,1,1,1,20240404,20241214
812,1,1,1,1,1,1,1,20240404,20241214
813,1,1,1,1,0,0,1,20240404,20241214
814,0,0,0,0,0,0,0,20240404,20241214
815,1,1,1,1,1,1,0,20240404,20241214
816,0,0,0,0,0,0,1,20240404,20241214
817,1,1,1,1,1,0,0,20240404,20241214
818,0,0,0,0,0,0,0,20240404,20241214
819,0,0,0,0,0,1,0,20240404,20241214
820,0,0,0,0,0,0,1,20240404,20241214
821,0,0,0,0,0,1,1,20240404,20241214
822,1,1,1,1,1,1,1,20240404,20241214
823,1,1,1,1,1,1,1,20240404,20241214
824,1,1,1,1,0,0,1,20240404,20241214
825,1,1,1,1,0,0,1,20240404,20241214
826,0,0,0,0,0,0,0,20240404,20241214
827,0,0,0,0,0,0,0,20240404,20241214
828,1,1,1,1,0,0,1,20240404,20241214
829,0,0,0,0,0,0,0,20240404,20241214
830,0,0,0,0,0,0,0,20240404,20241214
831,0,0,0,0,0,0,0,20240404,20241214
832,0,0,0,0,0,0,0,20240404,20241214
833,0,0,0,0,0,0,0,20240404,20241214
834,1,1,1,1,1,1,0,20240404,20241214
835,1,1,1,1,1,0,0,20240404,20241214
836,0,0,0,0,0,0,0,20240404,20241214
837,1,1,1,1,1,1,1,20240404,20241214
838,0,0,0,0,0,0,0,20240404,20241214
839,1,1,1,1,1,1,0,20240404,20241214
840,0,0,0,0,0,0,0,20240404,20241214
841,1,1,1,1,1,1,1,20240404,20241214
842,0,0,0,0,0,0,0,20240404,20241214
843,0,0,0,0,0,0,0,20240404,20241214
844,0,0,0,0,0,0,0,20240404,20241214
845,1,1,1,1,1,1,1,20240404,20241214
846,1,1,1,1,1,1,1,20240404,20241214
847,0,0,0,0,0,0,0,20240404,20241214
848,0,0,0,0,1,1,0,20240404,20241214
849,1,1,1,1,1,1,1,20240404,20241214
850,1,1,1,1,0,0,1,20240404,20241214
851,0,0,0,0,1,1,0,20240404,20241214
852,0,0,0,0,0,0,0,20240404,20241214
853,1,1,1,1,0,0,1,20240404,20241214
854,1,1,1,1,0,0,1,20240404,20241214
855,0,0,0,0,0,1,1,20240404,20241214
856,0,0,0,0,0,1,1,20240404,20241214
857,0,0,0,0,0,0,0,20240404,20241214
858,0,0,0,0,0,0,1,20240404,20241214
859,0,0,0,0,0,1,0,20240404,20241214
860,1,1,1,1,1,0,0,20240404,20241214
861,0,0,0,0,0,0,0,20240404,20241214
862,0,0,0,0,0,0,0,20240404,20241214
863,0,0,0,0,0,0,1,20240404,20241214
864,1,1,1,1,1,1,1,20240404,20241214
865,1,1,1,1,1,1,1,20240404,20241214
866,0,1,1,1,1,1,1,20240404,20241214
867,0,0,0,0,0,0,0,20240404,20241214
868,0,0,0,0,0,0,0,20240404,20241214
869,1,1,1,1,0,0,1,20240404,20241214
870,0,0,0,0,0,0,0,20240404,20241214
871,0,0,0,0,0,0,1,20240404,20241214
872,0,0,0,0,0,1,0,20240404,20241214
873,1,1,1,1,1,1,0,20240404,20241214
874,0,0,0,0,1,1,1,20240404,20241214
875,0,0,0,0,1,1,1,20240404,20241214
876,0,0,0,0,0,1,1,20240404,20241214
877,0,0,0,0,1,1,0,20240404,20241214
878,0,0,0,0,0,0,1,20240404,20241214
882,0,0,0,0,0,0,0,20240404,20241214
883,0,0,0,0,0,0,0,20240404,20241214
932,0,0,0,0,1,0,0,20240404,20241214
979,0,0,0,0,0,1,1,20240404,20241214
1002,1,1,1,1,1,0,0,20240404,20241214
1012,0,0,0,0,0,1,1,20240404,20241214
1013,1,1,1,1,1,1,1,20240404,20241214
1046,0,0,0,0,0,1,0,20240404,20241214
1099,0,0,0,0,0,0,0,20240404,20241214
1283,1,1,1,1,1,1,0,20240404,20241214
1346,0,0,0,0,0,0,0,20240404,20241214
1378,0,0,0,0,0,0,0,20240404,20241214
1401,1,1,1,1,0,0,0,20240404,20241214
1544,0,0,0,0,0,0,0,20240404,20241214
1549,0,0,0,0,0,0,0,20240404,20241214
1691,0,0,0,0,0,0,0,20240404,20241214
1692,0,0,0,0,0,1,1,20240404,20241214
1693,1,1,1,1,1,1,1,20240404,20241214
1694,1,1,1,1,1,1,0,20240404,20241214
1695,1,1,1,1,1,0,1,20240404,20241214
1698,1,1,1,1,1,0,0,20240404,20241214
1699,0,0,0,0,0,1,0,20240404,20241214
1700,0,0,0,0,1,1,0,20240404,20241214
1701,1,1,1,1,0,0,0,20240404,20241214
1702,0,0,0,0,1,0,0,20240404,20241214
1707,1,1,1,1,0,0,1,20240404,20241214
1710,1,1,1,1,1,0,0,20240404,20241214
1711,0,0,0,0,0,0,0,20240404,20241214
1712,0,0,0,0,0,0,0,20240404,20241214
1715,0,0,0,0,0,0,0,20240404,20241214
1720,0,0,0,0,0,0,0,20240404,20241214
1721,0,0,0,0,0,0,0,20240404,20241214
1748,0,0,0,0,0,0,0,20240404,20241214
1749,0,0,0,0,0,0,0,20240404,20241214
1750,0,0,0,0,0,1,1,20240404,20241214
1751,0,0,0,0,0,1,0,20240404,20241214
1752,1,1,1,1,0,0,1,20240404,20241214
1753,0,0,0,0,1,1,0,20240404,20241214
1754,1,1,1,1,1,1,0,20240404,20241214
1755,0,0,0,0,0,0,0,20240404,20241214
1756,0,0,0,0,0,0,0,20240404,20241214
1757,0,0,0,0,0,0,0,20240404,20241214
1758,0,0,0,0,0,0,0,20240404,20241214
1759,1,1,1,1,0,0,1,20240404,20241214
1760,0,0,0,0,1,1,0,20240404,20241214
1761,0,0,0,0,0,1,1,20240404,20241214
1762,1,1,1,1,1,0,0,20240404,20241214
1763,0,0,0,0,0,0,1,20240404,20241214
1764,1,1,1,1,1,0,1,20240404,20241214
1765,0,0,0,0,0,0,0,20240404,20241214
1766,0,0,0,0,0,0,0,20240404,20241214
1767,0,0,0,0,0,0,0,20240404,20241214
1768,0,0,0,0,0,0,0,20240404,20241214
1769,1,1,1,1,1,0,0,20240404,20241214
1770,0,0,0,0,0,1,0,20240404,20241214
1771,1,1,1,1,1,1,0,20240404,20241214
1772,0,0,0,0,0,1,1,20240404,20241214
1773,1,1,1,1,1,0,0,20240404,20241214
1774,0,0,0,0,0,0,0,20240404,20241214
1775,0,0,0,0,0,0,0,20240404,20241214
1776,0,0,0,0,0,0,0,20240404,20241214
1777,0,0,0,0,0,0,0,20240404,20241214
1778,0,0,0,0,0,0,0,20240404,20241214
1779,0,0,0,0,0,0,0,20240404,20241214
1780,0,0,0,0,0,0,0,20240404,20241214
1781,0,0,0,0,0,0,0,20240404,20241214
1782,0,0,0,0,0,0,0,20240404,20241214
1783,0,0,0,0,0,0,0,20240404,20241214
1784,0,0,0,0,0,0,0,20240404,20241214
1785,0,0,0,0,0,0,0,20240404,20241214
1786,0,0,0,0,0,0,0,20240404,20241214
1787,0,0,0,0,0,0,0,20240404,20241214
1788,0,0,0,0,0,0,0,20240404,20241214
1789,0,0,0,0,0,0,0,20240404,20241214
1790,0,0,0,0,0,0,0,20240404,20241214
1791,0,0,0,0,0,0,0,20240404,20241214
1792,0,0,0,0,0,1,0,20240404,20241214
1793,1,1,1,1,1,1,0,20240404,20241214
1794,1,1,1,1,1,1,1,20240404,20241214
1795,1,1,1,1,1,0,1,20240404,20241214
1796,0,0,0,0,1,1,1,20240404,20241214
1797,0,0,0,0,1,0,0,20240404,20241214
1798,1,1,1,1,0,1,1,20240404,20241214
1799,1,1,1,1,0,0,0,20240404,20241214
1800,0,0,0,0,1,1,1,20240404,20241214
1801,0,0,0,0,1,1,0,20240404,20241214
1802,0,0,0,0,0,0,1,20240404,20241214
1803,1,1,1,1,0,0,0,20240404,20241214
1804,0,0,0,0,0,1,0,20240404,20241214
1805,0,0,0,0,1,0,0,20240404,20241214
1806,0,0,0,0,1,1,0,20240404,20241214
1807,0,0,0,0,1,0,0,20240404,20241214
1808,0,0,0,0,0,0,0,20240404,20241214
1809,0,0,0,0,0,0,0,20240404,20241214
1810,0,0,0,0,0,1,0,20240404,20241214
1811,0,0,0,0,0,0,1,20240404,20241214
1812,0,0,0,0,0,1,1,20240404,20241214
1813,1,1,1,1,1,0,0,20240404,20241214
1814,0,0,0,0,0,0,0,20240404,20241214
1815,0,0,0,0,0,0,0,20240404,20241214
1816,1,1,1,1,0,0,1,20240404,20241214
1817,1,1,1,1,0,0,1,20240404,20241214
1818,1,1,1,1,1,0,1,20240404,20241214
1819,1,1,1,1,1,1,1,20240404,20241214
1820,0,0,0,0,1,1,1,20240404,20241214
1821,0,0,0,0,0,0,0,20240404,20241214
1822,1,1,1,1,1,0,0,20240404,20241214
1823,0,0,0,0,1,0,0,20240404,20241214
1824,1,1,1,1,0,0,0,20240404,20241214
1825,0,0,0,0,0,0,0,20240404,20241214
1826,0,0,0,0,0,1,0,20240404,20241214
1827,0,0,0,0,0,0,0,20240404,20241214
1828,1,1,1,1,1,1,1,20240404,20241214
1829,1,1,1,1,0,1,1,20240404,20241214
1830,1,1,1,1,1,1,1,20240404,20241214
1831,0,0,0,0,0,1,1,20240404,20241214
1832,1,1,1,1,1,0,0,20240404,20241214
1833,0,0,0,0,0,1,1,20240404,20241214
1834,1,1,1,1,1,0,0,20240404,20241214
1835,1,1,1,1,1,1,1,20240404,20241214
1836,0,0,0,0,1,1,0,20240404,20241214
1837,0,0,0,0,0,0,0,20240404,20241214
1838,0,0,0,0,0,0,0,20240404,20241214
1839,0,0,0,0,0,0,0,20240404,20241214
1840,1,1,1,1,1,1,0,20240404,20241214
1841,0,0,0,0,0,0,0,20240404,20241214
1842,0,0,0,0,0,0,0,20240404,20241214
1843,0,0,0,0,0,1,0,20240404,20241214
1844,0,0,0,0,0,0,0,20240404,20241214
1845,0,0,0,0,0,0,0,20240404,20241214
1846,1,1,1,1,0,1,1,20240404,20241214
1847,0,0,0,0,1,1,1,20240404,20241214
1848,0,0,0,0,0,0,0,20240404,20241214
1849,0,0,0,0,0,0,0,20240404,20241214
1850,0,0,0,0,0,0,0,20240404,20241214
1851,0,0,0,0,0,0,0,20240404,20241214
1852,0,0,0,0,0,0,0,20240404,20241214
1853,0,0,0,0,0,0,0,20240404,20241214
1854,0,0,0,0,0,0,0,20240404,20241214
1855,0,0,0,0,0,1,1,20240404,20241214
1856,1,1,1,1,0,0,1,20240404,20241214
