"service_id","monday","tuesday","wednesday","thursday","friday","saturday","sunday","start_date","end_date"
1,1,1,1,1,1,0,0,20240404,20241214
2,0,0,0,0,0,0,0,20240404,20241214
3,0,0,0,0,0,0,0,20240404,20241214
4,0,0,0,0,0,0,0,20240404,20241214
5,0,0,0,0,0,0,0,20240404,20241214
6,0,0,0,0,0,1,0,20240404,20241214
7,0,0,0,0,0,0,1,20240404,20241214
8,0,0,0,0,0,1,1,20240404,20241214
9,0,0,0,0,0,0,0,20240404,20241214
10,1,1,1,1,1,1,1,20240404,20241214
11,1,1,1,1,1,1,1,20240404,20241214
12,1,1,1,1,1,1,1,20240404,20241214
13,0,0,0,0,0,0,0,20240404,20241214
14,0,0,0,0,0,0,0,20240404,20241214
15,1,1,1,1,1,0,0,20240404,20241214
16,0,0,0,0,0,1,1,20240404,20241214
17,0,0,0,0,0,0,1,20240404,20241214
18,1,1,1,1,1,0,0,20240404,20241214
19,0,0,0,0,0,0,0,20240404,20241214
20,1,1,1,1,1,1,1,20240404,20241214
21,0,0,0,0,0,0,0,20240404,20241214
22,0,0,0,0,0,1,0,20240404,20241214
23,0,0,0,0,0,0,0,20240404,20241214
24,1,1,1,1,1,0,0,20240404,20241214
25,1,1,1,1,1,0,0,20240404,20241214
26,1,1,1,1,0,0,1,20240404,20241214
27,0,0,0,0,1,1,0,20240404,20241214
28,0,0,0,0,0,0,0,20240404,20241214
29,0,0,0,0,0,0,0,20240404,20241214
30,0,0,0,0,0,0,0,20240404,20241214
31,0,0,0,0,0,0,0,20240404,20241214
32,1,1,1,1,1,1,1,20240404,20241214
33,0,0,0,0,0,0,0,20240404,20241214
34,1,1,1,1,1,0,0,20240404,20241214
35,0,0,0,0,0,0,0,20240404,20241214
36,0,0,0,0,0,0,0,20240404,20241214
37,0,0,0,0,0,1,1,20240404,20241214
38,0,0,0,0,0,0,0,20240404,20241214
39,0,0,0,0,0,0,0,20240404,20241214
40,0,0,0,0,1,0,0,20240404,20241214
41,0,0,0,0,0,0,0,20240404,20241214
42,1,1,1,1,0,0,0,20240404,20241214
43,0,0,0,0,0,1,0,20240404,20241214
44,1,1,1,1,1,1,0,20240404,20241214
45,0,0,0,0,0,0,1,20240404,20241214
46,1,1,1,1,1,0,1,20240404,20241214
47,0,0,0,0,0,0,1,20240404,20241214
48,0,0,0,0,0,0,0,20240404,20241214
49,0,0,0,0,0,1,1,20240404,20241214
50,0,0,0,0,0,0,1,20240404,20241214
51,0,0,0,0,0,0,0,20240404,20241214
52,0,0,0,0,0,1,0,20240404,20241214
53,1,1,1,1,1,0,0,20240404,20241214
54,0,0,0,0,0,0,0,20240404,20241214
55,0,0,0,0,0,0,0,20240404,20241214
56,1,1,1,1,1,0,0,20240404,20241214
57,0,0,0,0,0,0,0,20240404,20241214
58,0,0,0,0,0,0,0,20240404,20241214
59,0,0,0,0,0,0,0,20240404,20241214
60,0,0,0,0,0,0,0,20240404,20241214
61,0,0,0,0,0,0,0,20240404,20241214
62,0,0,0,0,0,0,0,20240404,20241214
63,0,0,0,0,0,0,0,20240404,20241214
64,0,0,0,0,0,0,0,20240404,20241214
65,0,0,0,0,0,0,0,20240404,20241214
66,0,0,0,0,0,0,0,20240404,20241214
67,0,0,0,0,0,0,0,20240404,20241214
68,0,0,0,0,0,0,0,20240404,20241214
69,0,0,0,0,0,0,0,20240404,20241214
70,0,0,0,0,0,0,0,20240404,20241214
71,1,1,1,1,1,0,0,20240404,20241214
72,0,0,0,0,0,1,0,20240404,20241214
73,0,0,0,0,0,1,1,20240404,20241214
74,0,0,0,0,0,1,0,20240404,20241214
75,0,0,0,0,0,0,1,20240404,20241214
76,0,0,0,0,0,0,1,20240404,20241214
77,0,0,0,0,0,0,0,20240404,20241214
78,1,1,1,1,1,0,0,20240404,20241214
79,1,1,1,1,1,0,0,20240404,20241214
80,0,0,0,0,1,0,0,20240404,20241214
81,1,1,1,1,0,0,0,20240404,20241214
82,1,1,1,1,1,0,0,20240404,20241214
83,0,0,0,0,0,0,0,20240404,20241214
84,0,0,0,0,0,0,0,20240404,20241214
85,0,0,0,0,0,0,0,20240404,20241214
86,0,0,0,0,0,0,0,20240404,20241214
87,0,0,0,0,0,0,0,20240404,20241214
88,0,0,0,0,0,0,0,20240404,20241214
89,1,1,1,1,1,0,0,20240404,20241214
90,0,0,0,0,0,1,0,20240404,20241214
91,0,0,0,0,0,0,0,20240404,20241214
92,0,0,0,0,0,0,1,20240404,20241214
93,0,0,0,0,0,0,0,20240404,20241214
94,0,0,0,0,0,1,0,20240404,20241214
95,0,0,0,0,0,1,1,20240404,20241214
96,0,0,0,0,0,0,0,20240404,20241214
97,0,0,0,0,0,1,0,20240404,20241214
98,0,0,0,0,0,0,0,20240404,20241214
99,0,0,0,0,1,0,0,20240404,20241214
100,1,1,1,1,0,0,0,20240404,20241214
101,1,1,1,1,1,0,0,20240404,20241214
102,0,0,0,0,0,0,0,20240404,20241214
103,1,1,1,1,0,0,0,20240404,20241214
104,0,0,0,0,0,0,0,20240404,20241214
105,0,0,0,0,0,0,0,20240404,20241214
106,0,0,0,0,0,0,0,20240404,20241214
107,0,0,0,0,0,0,0,20240404,20241214
108,0,0,0,0,0,0,0,20240404,20241214
109,0,0,0,0,0,0,0,20240404,20241214
110,0,0,0,0,0,0,0,20240404,20241214
111,0,0,0,0,0,0,0,20240404,20241214
112,0,0,0,0,0,0,0,20240404,20241214
113,0,0,0,0,0,0,0,20240404,20241214
114,0,0,0,0,0,0,0,20240404,20241214
115,0,0,0,0,0,0,0,20240404,20241214
116,0,0,0,0,0,0,0,20240404,20241214
117,0,0,0,0,0,0,0,20240404,20241214
118,0,0,0,0,0,0,0,20240404,20241214
119,0,0,0,0,0,0,0,20240404,20241214
120,0,0,0,0,0,0,0,20240404,20241214
121,0,0,0,0,0,0,0,20240404,20241214
122,0,0,0,0,0,0,0,20240404,20241214
123,0,0,0,0,0,0,0,20240404,20241214
124,0,0,0,0,0,0,0,20240404,20241214
125,0,0,0,0,0,0,0,20240404,20241214
126,0,0,0,0,0,0,0,20240404,20241214
127,0,0,0,0,0,0,0,20240404,20241214
128,0,0,0,0,0,0,0,20240404,20241214
129,1,1,1,1,0,0,0,20240404,20241214
130,1,1,1,1,0,0,0,20240404,20241214
131,1,1,1,1,0,0,0,20240404,20241214
132,0,0,0,0,0,0,0,20240404,20241214
133,0,0,0,0,0,0,0,20240404,20241214
134,0,0,0,0,0,0,0,20240404,20241214
135,0,0,0,0,0,0,0,20240404,20241214
136,1,0,0,0,0,0,0,20240404,20241214
137,0,0,0,0,0,0,0,20240404,20241214
138,1,1,1,1,0,0,0,20240404,20241214
139,1,1,1,1,0,0,0,20240404,20241214
140,0,0,0,0,0,0,0,20240404,20241214
141,1,1,1,1,0,0,0,20240404,20241214
142,1,0,0,0,0,0,0,20240404,20241214
143,0,0,0,0,0,0,0,20240404,20241214
144,0,0,0,0,0,0,0,20240404,20241214
145,0,1,0,0,0,0,0,20240404,20241214
146,0,1,0,0,0,0,0,20240404,20241214
147,0,0,0,0,0,0,0,20240404,20241214
148,0,1,0,0,0,0,0,20240404,20241214
149,0,0,0,0,0,0,0,20240404,20241214
150,0,0,0,0,0,0,0,20240404,20241214
151,0,0,0,0,0,0,0,20240404,20241214
152,0,0,0,0,0,0,0,20240404,20241214
153,0,0,0,0,0,0,0,20240404,20241214
154,0,0,0,0,0,0,0,20240404,20241214
155,0,0,0,0,0,0,0,20240404,20241214
156,0,0,0,0,0,0,0,20240404,20241214
157,0,0,0,0,0,0,0,20240404,20241214
158,0,0,0,0,1,1,0,20240404,20241214
159,0,0,0,0,0,1,1,20240404,20241214
160,0,0,0,0,0,0,1,20240404,20241214
161,0,0,0,0,0,0,0,20240404,20241214
162,0,1,0,0,0,0,0,20240404,20241214
163,0,1,0,0,0,0,0,20240404,20241214
164,0,0,0,0,0,0,0,20240404,20241214
165,0,0,0,0,0,0,0,20240404,20241214
166,0,0,0,0,0,0,0,20240404,20241214
167,0,0,0,0,0,0,0,20240404,20241214
168,0,0,0,0,0,0,0,20240404,20241214
169,0,0,0,0,0,0,0,20240404,20241214
170,0,0,0,0,0,0,0,20240404,20241214
171,0,0,0,0,0,0,0,20240404,20241214
172,0,0,0,0,0,0,0,20240404,20241214
173,0,0,0,0,0,0,0,20240404,20241214
174,0,0,0,0,0,0,0,20240404,20241214
175,0,0,0,0,0,0,0,20240404,20241214
176,0,0,0,0,0,0,0,20240404,20241214
177,0,0,0,0,0,0,0,20240404,20241214
178,0,0,0,0,0,0,0,20240404,20241214
179,0,0,0,0,0,0,0,20240404,20241214
180,0,0,0,0,0,0,0,20240404,20241214
181,0,0,0,0,0,0,0,20240404,20241214
182,0,0,0,0,0,0,0,20240404,20241214
183,0,0,0,0,0,0,0,20240404,20241214
184,0,0,0,0,0,0,0,20240404,20241214
185,0,0,0,0,0,0,0,20240404,20241214
186,0,0,0,0,0,0,0,20240404,20241214
187,0,0,0,0,0,0,0,20240404,20241214
188,0,0,0,0,0,0,0,20240404,20241214
189,0,0,0,0,0,0,0,20240404,20241214
190,0,0,0,0,0,0,0,20240404,20241214
191,0,0,0,0,0,0,0,20240404,20241214
192,0,0,0,0,0,0,0,20240404,20241214
193,1,1,1,1,1,0,0,20240404,20241214
194,0,0,0,0,0,0,0,20240404,20241214
195,0,0,0,0,0,0,0,20240404,20241214
196,1,1,1,1,1,0,0,20240404,20241214
197,0,0,0,0,0,0,0,20240404,20241214
198,0,0,0,0,0,0,0,20240404,20241214
199,0,0,0,0,0,0,0,20240404,20241214
200,0,0,0,0,0,0,0,20240404,20241214
201,0,0,0,0,0,1,0,20240404,20241214
202,0,0,0,0,0,0,0,20240404,20241214
203,0,0,0,0,0,1,0,20240404,20241214
204,0,0,0,0,0,1,0,20240404,20241214
205,0,0,0,0,0,0,0,20240404,20241214
206,0,0,0,0,0,1,1,20240404,20241214
207,0,0,0,0,0,0,0,20240404,20241214
208,0,0,0,0,0,1,1,20240404,20241214
209,0,0,0,0,0,0,0,20240404,20241214
210,0,0,0,0,0,1,1,20240404,20241214
211,0,0,0,0,0,0,0,20240404,20241214
212,1,1,1,1,1,1,1,20240404,20241214
213,0,0,0,0,0,0,0,20240404,20241214
214,0,0,0,0,0,0,0,20240404,20241214
215,1,1,1,1,1,1,0,20240404,20241214
216,0,0,0,0,0,0,0,20240404,20241214
217,0,0,0,0,0,0,0,20240404,20241214
218,1,1,1,1,1,1,1,20240404,20241214
219,0,0,0,0,0,0,0,20240404,20241214
220,0,0,0,0,0,0,0,20240404,20241214
221,1,1,1,1,0,0,1,20240404,20241214
222,0,0,0,0,0,0,0,20240404,20241214
223,0,0,0,0,1,1,0,20240404,20241214
224,0,0,0,0,0,0,0,20240404,20241214
225,0,0,0,0,0,0,0,20240404,20241214
226,0,0,0,0,0,0,0,20240404,20241214
227,1,1,1,1,0,0,1,20240404,20241214
228,0,0,0,0,0,0,0,20240404,20241214
229,1,1,1,1,0,0,1,20240404,20241214
230,0,0,0,0,0,0,0,20240404,20241214
231,0,0,0,0,0,0,0,20240404,20241214
232,1,1,1,1,0,0,1,20240404,20241214
233,0,0,0,0,0,0,0,20240404,20241214
234,0,0,0,0,0,0,0,20240404,20241214
235,1,1,1,1,0,0,1,20240404,20241214
236,0,0,0,0,0,0,0,20240404,20241214
237,0,0,0,0,0,0,0,20240404,20241214
238,0,0,0,0,0,0,0,20240404,20241214
239,0,0,0,0,1,1,0,20240404,20241214
240,0,0,0,0,0,1,1,20240404,20241214
241,0,0,0,0,0,0,1,20240404,20241214
242,0,0,0,0,1,1,0,20240404,20241214
243,0,0,0,0,0,0,0,20240404,20241214
244,1,1,1,1,1,0,0,20240404,20241214
245,0,0,0,0,0,0,0,20240404,20241214
246,0,0,0,0,0,0,0,20240404,20241214
247,0,0,0,0,0,0,0,20240404,20241214
248,1,1,1,1,1,0,0,20240404,20241214
249,1,1,1,1,1,0,0,20240404,20241214
250,0,0,0,0,0,0,0,20240404,20241214
251,0,0,0,0,0,0,0,20240404,20241214
252,1,1,1,1,1,0,0,20240404,20241214
253,0,0,0,0,0,0,0,20240404,20241214
254,0,0,0,0,0,0,0,20240404,20241214
255,0,0,0,0,0,0,0,20240404,20241214
256,1,1,1,1,1,0,0,20240404,20241214
257,0,0,0,0,0,0,0,20240404,20241214
258,0,0,0,0,0,0,0,20240404,20241214
259,0,0,0,0,0,0,0,20240404,20241214
260,1,1,1,1,1,0,0,20240404,20241214
261,1,1,1,1,1,0,0,20240404,20241214
262,0,0,0,0,0,0,0,20240404,20241214
263,0,0,0,0,0,0,0,20240404,20241214
264,0,0,0,0,0,0,0,20240404,20241214
265,1,1,1,1,1,0,0,20240404,20241214
266,1,1,1,1,1,0,0,20240404,20241214
267,0,0,0,0,0,0,0,20240404,20241214
268,1,1,1,1,1,0,0,20240404,20241214
269,1,1,1,1,1,0,0,20240404,20241214
270,0,0,0,0,0,1,0,20240404,20241214
271,0,0,0,0,0,0,1,20240404,20241214
272,0,0,0,0,0,1,1,20240404,20241214
273,0,0,0,0,0,0,0,20240404,20241214
274,1,1,1,1,1,1,1,20240404,20241214
275,0,0,0,0,0,0,0,20240404,20241214
276,0,0,0,0,0,0,0,20240404,20241214
277,0,0,0,0,0,0,0,20240404,20241214
278,0,0,0,0,0,0,0,20240404,20241214
279,1,1,1,1,1,1,1,20240404,20241214
280,1,1,1,1,1,1,1,20240404,20241214
281,1,1,1,1,1,1,1,20240404,20241214
282,0,0,0,0,0,0,0,20240404,20241214
283,0,0,0,0,0,0,0,20240404,20241214
284,1,1,1,1,0,0,1,20240404,20241214
285,0,0,0,0,1,1,0,20240404,20241214
286,0,0,0,0,0,0,0,20240404,20241214
287,1,1,1,1,1,1,1,20240404,20241214
288,0,0,0,0,0,0,0,20240404,20241214
289,1,1,1,1,0,0,1,20240404,20241214
290,0,0,0,0,0,0,1,20240404,20241214
291,0,0,0,0,0,1,0,20240404,20241214
292,0,0,0,0,0,1,0,20240404,20241214
293,0,0,0,0,0,0,0,20240404,20241214
294,0,0,0,0,0,0,1,20240404,20241214
295,1,1,1,1,1,0,0,20240404,20241214
296,0,0,0,0,0,0,0,20240404,20241214
297,1,1,1,1,1,0,0,20240404,20241214
298,0,0,0,0,0,0,0,20240404,20241214
299,0,0,0,0,0,0,0,20240404,20241214
300,0,0,0,0,0,0,0,20240404,20241214
301,0,1,0,0,0,0,0,20240404,20241214
302,0,0,0,0,0,0,0,20240404,20241214
303,0,0,0,0,0,0,0,20240404,20241214
304,0,0,0,0,0,0,0,20240404,20241214
305,0,0,0,0,0,0,0,20240404,20241214
306,0,0,0,0,0,0,0,20240404,20241214
307,1,1,1,1,0,0,0,20240404,20241214
308,0,0,0,0,0,0,0,20240404,20241214
309,1,1,1,1,0,0,0,20240404,20241214
310,0,0,0,0,0,0,0,20240404,20241214
311,0,0,0,0,0,0,0,20240404,20241214
312,0,0,0,0,0,0,0,20240404,20241214
313,1,1,1,1,0,0,0,20240404,20241214
314,0,0,0,0,0,0,0,20240404,20241214
315,0,0,0,0,0,0,0,20240404,20241214
316,0,0,0,0,0,0,0,20240404,20241214
317,0,0,0,0,0,0,0,20240404,20241214
318,1,1,1,1,0,0,0,20240404,20241214
319,1,1,1,1,0,0,0,20240404,20241214
320,0,0,0,0,0,0,0,20240404,20241214
321,0,0,0,0,0,0,0,20240404,20241214
322,0,0,0,0,0,0,0,20240404,20241214
323,0,0,0,0,0,0,0,20240404,20241214
324,0,0,0,0,0,0,0,20240404,20241214
325,0,0,0,0,0,0,0,20240404,20241214
326,0,0,0,0,0,0,0,20240404,20241214
327,0,0,0,0,0,0,0,20240404,20241214
328,0,0,0,0,0,0,0,20240404,20241214
329,0,0,0,0,0,0,0,20240404,20241214
330,0,0,0,0,0,0,0,20240404,20241214
331,0,0,0,0,0,0,0,20240404,20241214
332,0,0,0,0,0,0,0,20240404,20241214
333,0,0,0,0,0,0,0,20240404,20241214
334,0,0,0,0,0,0,0,20240404,20241214
335,0,0,0,0,0,0,0,20240404,20241214
336,0,0,0,0,0,0,0,20240404,20241214
337,0,0,0,0,0,0,0,20240404,20241214
338,0,0,0,0,0,0,0,20240404,20241214
339,0,0,0,0,0,0,0,20240404,20241214
340,0,0,0,0,0,0,0,20240404,20241214
341,0,0,0,0,0,0,0,20240404,20241214
342,0,0,0,0,0,0,0,20240404,20241214
343,0,0,0,0,0,0,0,20240404,20241214
344,0,0,0,0,0,0,0,20240404,20241214
345,1,1,1,1,1,0,0,20240404,20241214
346,0,0,0,0,0,0,0,20240404,20241214
347,1,1,1,1,1,1,0,20240404,20241214
348,0,0,0,0,0,1,0,20240404,20241214
349,1,1,1,1,1,1,1,20240404,20241214
350,0,0,0,0,0,0,1,20240404,20241214
351,0,0,0,0,0,0,0,20240404,20241214
352,0,0,0,0,0,0,0,20240404,20241214
353,0,0,0,0,0,0,0,20240404,20241214
354,0,0,0,0,0,0,0,20240404,20241214
355,1,1,1,1,0,0,1,20240404,20241214
356,0,0,0,0,0,0,0,20240404,20241214
357,0,0,0,0,1,1,0,20240404,20241214
358,0,0,0,0,0,1,1,20240404,20241214
359,0,0,0,0,0,0,0,20240404,20241214
360,0,0,0,0,0,0,0,20240404,20241214
361,0,0,0,0,0,0,0,20240404,20241214
362,0,0,0,0,0,0,0,20240404,20241214
363,0,0,0,0,0,0,0,20240404,20241214
364,0,0,0,0,0,0,0,20240404,20241214
365,0,0,0,0,0,0,0,20240404,20241214
366,1,1,1,1,1,0,0,20240404,20241214
367,1,1,1,1,1,0,0,20240404,20241214
368,0,0,0,0,0,1,0,20240404,20241214
369,0,0,0,0,0,1,0,20240404,20241214
370,1,1,1,1,1,1,0,20240404,20241214
371,1,1,1,1,1,1,0,20240404,20241214
372,0,0,0,0,0,0,1,20240404,20241214
373,0,0,0,0,0,0,1,20240404,20241214
374,0,0,0,0,0,0,0,20240404,20241214
375,1,1,1,1,1,1,1,20240404,20241214
376,1,1,1,1,1,1,1,20240404,20241214
377,0,0,0,0,0,0,1,20240404,20241214
378,1,1,1,1,1,1,0,20240404,20241214
379,0,0,0,0,0,0,0,20240404,20241214
380,0,0,0,0,0,0,0,20240404,20241214
381,0,0,0,0,0,0,0,20240404,20241214
382,1,1,1,1,1,1,0,20240404,20241214
383,0,0,0,0,0,0,0,20240404,20241214
384,0,0,0,0,0,0,0,20240404,20241214
385,1,1,1,1,1,0,0,20240404,20241214
386,0,0,0,0,0,0,0,20240404,20241214
387,1,1,1,1,1,0,0,20240404,20241214
388,0,0,0,0,0,1,0,20240404,20241214
389,0,0,0,0,0,0,0,20240404,20241214
390,1,1,1,1,1,1,0,20240404,20241214
391,0,0,0,0,0,0,0,20240404,20241214
392,0,0,0,0,0,0,1,20240404,20241214
393,0,0,0,0,0,0,0,20240404,20241214
394,1,1,1,1,1,1,1,20240404,20241214
395,1,1,1,1,1,1,1,20240404,20241214
396,1,1,1,1,1,1,1,20240404,20241214
397,1,1,1,1,1,1,0,20240404,20241214
398,0,0,0,0,0,0,1,20240404,20241214
399,0,0,0,0,0,0,0,20240404,20241214
400,1,1,1,1,1,1,0,20240404,20241214
401,0,0,0,0,0,0,1,20240404,20241214
402,1,1,1,1,1,1,0,20240404,20241214
403,1,1,1,1,1,1,0,20240404,20241214
404,0,0,0,0,0,0,0,20240404,20241214
405,1,1,1,1,1,1,0,20240404,20241214
406,0,0,0,0,0,1,0,20240404,20241214
407,0,0,0,0,0,0,0,20240404,20241214
408,1,1,1,1,1,0,1,20240404,20241214
409,1,1,1,1,1,1,0,20240404,20241214
410,0,0,0,0,0,0,1,20240404,20241214
411,1,1,1,1,1,1,1,20240404,20241214
412,0,0,0,0,0,0,0,20240404,20241214
413,0,0,0,0,0,0,1,20240404,20241214
414,0,0,0,0,0,0,0,20240404,20241214
415,0,0,0,0,0,0,0,20240404,20241214
416,0,0,0,0,0,0,0,20240404,20241214
417,1,1,1,1,1,1,0,20240404,20241214
418,0,0,0,0,0,0,0,20240404,20241214
419,0,0,0,0,0,0,0,20240404,20241214
420,1,1,1,1,1,1,1,20240404,20241214
421,0,0,0,0,0,0,0,20240404,20241214
422,1,1,1,1,0,0,1,20240404,20241214
423,0,0,0,0,0,1,0,20240404,20241214
424,1,1,1,1,0,0,1,20240404,20241214
425,1,1,1,1,1,1,1,20240404,20241214
426,1,1,1,1,1,1,0,20240404,20241214
427,0,0,0,0,0,0,1,20240404,20241214
428,0,0,0,0,0,1,1,20240404,20241214
429,0,0,0,0,0,0,0,20240404,20241214
430,0,0,0,0,0,0,0,20240404,20241214
431,0,0,0,0,0,0,0,20240404,20241214
432,0,0,0,0,0,0,0,20240404,20241214
433,0,0,0,0,0,0,0,20240404,20241214
434,0,0,0,0,0,0,0,20240404,20241214
435,0,0,0,0,0,0,0,20240404,20241214
436,0,0,0,0,0,0,0,20240404,20241214
437,0,0,0,0,0,0,0,20240404,20241214
438,1,1,1,1,1,0,0,20240404,20241214
439,1,1,1,1,1,1,0,20240404,20241214
440,1,1,1,1,1,1,1,20240404,20241214
441,1,1,1,1,1,1,1,20240404,20241214
442,0,0,0,0,0,0,0,20240404,20241214
443,1,1,1,1,1,1,1,20240404,20241214
444,0,0,0,0,0,0,0,20240404,20241214
445,0,0,0,0,0,0,0,20240404,20241214
446,1,1,1,1,1,1,1,20240404,20241214
447,1,1,1,1,1,1,1,20240404,20241214
448,1,1,1,1,1,1,1,20240404,20241214
449,0,0,0,0,0,0,0,20240404,20241214
450,1,1,1,1,1,1,1,20240404,20241214
451,0,0,0,0,0,0,0,20240404,20241214
452,1,1,1,1,0,0,1,20240404,20241214
453,0,0,0,0,1,1,0,20240404,20241214
454,0,0,0,0,0,0,0,20240404,20241214
455,1,1,1,1,0,0,1,20240404,20241214
456,1,1,1,1,0,0,1,20240404,20241214
457,0,0,0,0,0,0,0,20240404,20241214
458,0,0,0,0,1,1,0,20240404,20241214
459,0,0,0,0,1,1,0,20240404,20241214
460,0,0,0,0,1,1,0,20240404,20241214
461,0,0,0,0,0,1,1,20240404,20241214
462,0,0,0,0,0,0,1,20240404,20241214
463,0,0,0,0,0,0,0,20240404,20241214
464,0,0,0,0,0,0,0,20240404,20241214
465,1,1,1,1,1,1,1,20240404,20241214
466,0,0,0,0,1,1,0,20240404,20241214
467,1,1,1,1,0,0,1,20240404,20241214
468,0,0,0,0,0,0,0,20240404,20241214
469,1,1,1,1,1,0,0,20240404,20241214
470,0,0,0,0,0,1,0,20240404,20241214
471,0,0,0,0,0,0,1,20240404,20241214
472,0,0,0,0,0,1,1,20240404,20241214
473,1,1,1,1,1,1,1,20240404,20241214
474,1,1,1,1,1,1,1,20240404,20241214
475,0,0,0,0,0,0,0,20240404,20241214
476,1,1,1,1,1,0,0,20240404,20241214
477,0,0,0,0,0,1,0,20240404,20241214
478,0,0,0,0,1,0,0,20240404,20241214
479,0,0,0,0,0,0,1,20240404,20241214
480,1,1,1,1,0,0,0,20240404,20241214
481,1,1,1,1,1,0,0,20240404,20241214
482,0,0,0,0,0,0,0,20240404,20241214
483,1,1,1,1,1,0,0,20240404,20241214
484,0,0,0,0,0,0,0,20240404,20241214
485,1,1,1,1,1,0,0,20240404,20241214
486,1,1,1,1,1,0,0,20240404,20241214
487,0,0,0,0,0,1,1,20240404,20241214
488,1,1,1,1,1,1,1,20240404,20241214
489,1,1,1,1,1,1,1,20240404,20241214
490,1,1,1,1,1,0,0,20240404,20241214
491,1,1,1,1,1,0,0,20240404,20241214
492,0,0,0,0,0,1,1,20240404,20241214
493,1,1,1,1,1,0,0,20240404,20241214
494,0,0,0,0,0,0,0,20240404,20241214
495,0,0,0,0,0,0,0,20240404,20241214
496,0,0,0,0,0,1,1,20240404,20241214
497,1,1,1,1,1,0,0,20240404,20241214
498,0,0,0,0,0,0,0,20240404,20241214
499,0,0,0,0,0,1,1,20240404,20241214
500,0,0,0,0,0,0,0,20240404,20241214
501,1,1,1,1,1,1,1,20240404,20241214
502,1,1,1,1,1,1,1,20240404,20241214
503,1,1,1,1,1,1,1,20240404,20241214
504,1,1,1,1,0,0,1,20240404,20241214
505,0,0,0,0,0,0,0,20240404,20241214
506,0,0,0,0,0,0,0,20240404,20241214
507,0,0,0,0,0,0,0,20240404,20241214
508,0,0,0,0,0,0,0,20240404,20241214
509,0,0,0,0,0,0,0,20240404,20241214
510,0,0,0,0,0,0,0,20240404,20241214
511,0,0,0,0,0,0,0,20240404,20241214
512,0,0,0,0,0,0,0,20240404,20241214
513,0,0,0,0,1,1,0,20240404,20241214
514,0,0,0,0,0,0,0,20240404,20241214
515,1,1,1,1,0,0,1,20240404,20241214
516,0,0,0,0,0,0,0,20240404,20241214
517,0,0,0,0,1,1,0,20240404,20241214
518,0,0,0,0,0,1,0,20240404,20241214
519,0,0,0,0,0,1,0,20240404,20241214
520,1,1,1,1,1,0,0,20240404,20241214
521,0,0,0,0,0,0,0,20240404,20241214
522,1,1,1,1,1,0,0,20240404,20241214
523,1,1,1,1,1,1,1,20240404,20241214
524,1,1,1,1,1,1,1,20240404,20241214
525,1,1,1,1,1,1,1,20240404,20241214
526,1,1,1,1,1,1,1,20240404,20241214
527,0,0,0,0,0,0,0,20240404,20241214
528,0,0,0,0,0,0,0,20240404,20241214
529,1,1,1,1,0,0,1,20240404,20241214
530,1,1,1,1,1,1,1,20240404,20241214
531,1,1,1,1,0,0,1,20240404,20241214
532,0,0,0,0,0,0,1,20240404,20241214
533,0,0,0,0,0,0,1,20240404,20241214
534,0,0,0,0,0,0,0,20240404,20241214
535,0,0,0,0,0,0,0,20240404,20241214
536,0,0,0,0,0,0,0,20240404,20241214
537,0,0,0,0,0,0,0,20240404,20241214
538,0,0,0,0,0,0,0,20240404,20241214
539,1,1,0,1,0,0,0,20240404,20241214
540,1,1,0,1,0,0,0,20240404,20241214
541,1,1,1,1,0,0,0,20240404,20241214
542,1,1,1,1,0,0,0,20240404,20241214
543,0,0,0,0,0,0,0,20240404,20241214
544,0,0,0,0,0,0,0,20240404,20241214
545,1,1,1,1,0,0,0,20240404,20241214
546,1,1,1,1,0,0,0,20240404,20241214
547,1,1,0,1,0,0,0,20240404,20241214
548,0,0,0,0,0,0,0,20240404,20241214
549,0,0,0,0,0,0,0,20240404,20241214
550,0,0,0,0,0,0,0,20240404,20241214
551,0,0,0,0,0,0,0,20240404,20241214
552,0,0,0,0,0,0,0,20240404,20241214
553,0,0,0,0,0,0,0,20240404,20241214
554,0,0,0,0,0,0,0,20240404,20241214
555,1,1,1,1,0,0,0,20240404,20241214
556,1,1,1,1,0,0,0,20240404,20241214
557,1,1,1,1,0,0,0,20240404,20241214
558,1,1,1,1,0,0,0,20240404,20241214
559,0,0,0,0,0,0,0,20240404,20241214
560,0,0,0,0,0,0,0,20240404,20241214
561,0,0,0,0,0,0,0,20240404,20241214
562,0,0,0,0,0,0,0,20240404,20241214
563,0,0,0,0,0,0,0,20240404,20241214
564,0,0,0,0,0,0,0,20240404,20241214
565,0,0,0,0,0,0,0,20240404,20241214
566,1,1,1,1,1,1,0,20240404,20241214
567,1,1,1,1,1,1,0,20240404,20241214
568,1,1,1,1,1,1,1,20240404,20241214
569,1,1,1,1,1,1,1,20240404,20241214
570,1,1,1,1,1,1,1,20240404,20241214
571,1,1,1,1,1,1,1,20240404,20241214
572,0,0,0,0,0,1,0,20240404,20241214
573,1,1,1,1,1,0,0,20240404,20241214
574,1,1,1,1,1,1,0,20240404,20241214
575,1,1,1,1,1,0,1,20240404,20241214
576,0,0,0,0,1,1,1,20240404,20241214
577,1,1,1,1,1,1,1,20240404,20241214
578,1,1,1,0,0,0,0,20240404,20241214
579,0,1,0,0,0,0,0,20240404,20241214
580,0,0,0,0,0,0,0,20240404,20241214
581,0,0,0,0,0,0,0,20240404,20241214
582,0,0,0,0,0,1,0,20240404,20241214
583,0,0,0,0,0,0,0,20240404,20241214
584,0,0,0,0,0,1,0,20240404,20241214
585,0,0,0,0,0,0,0,20240404,20241214
586,0,0,0,0,0,1,0,20240404,20241214
587,0,0,0,0,0,1,0,20240404,20241214
588,0,0,0,0,0,0,0,20240404,20241214
589,0,0,0,0,0,0,0,20240404,20241214
590,0,0,0,0,0,1,0,20240404,20241214
591,0,0,0,0,0,0,0,20240404,20241214
592,0,0,0,0,0,0,0,20240404,20241214
593,0,0,0,0,0,0,0,20240404,20241214
594,0,0,0,0,0,0,0,20240404,20241214
595,0,0,0,0,0,1,1,20240404,20241214
596,1,1,1,1,1,0,0,20240404,20241214
597,0,0,0,0,0,1,1,20240404,20241214
598,1,1,1,1,1,0,0,20240404,20241214
599,0,0,0,0,0,0,0,20240404,20241214
600,0,0,0,0,0,0,0,20240404,20241214
601,0,0,0,0,0,0,0,20240404,20241214
602,0,0,0,0,0,0,0,20240404,20241214
603,1,1,1,1,1,0,0,20240404,20241214
604,0,0,0,0,0,0,0,20240404,20241214
605,0,0,0,0,0,0,0,20240404,20241214
606,0,0,0,0,0,0,0,20240404,20241214
607,1,1,1,1,1,1,1,20240404,20241214
608,0,0,0,0,0,0,0,20240404,20241214
609,0,0,0,0,0,0,0,20240404,20241214
610,0,0,0,0,0,0,0,20240404,20241214
611,0,0,0,0,0,0,0,20240404,20241214
612,1,1,1,1,0,1,0,20240404,20241214
613,0,0,0,0,1,0,1,20240404,20241214
614,0,0,0,0,0,0,0,20240404,20241214
615,0,0,0,0,1,0,1,20240404,20241214
616,1,1,1,1,1,1,1,20240404,20241214
617,0,0,0,0,0,0,0,20240404,20241214
618,1,1,1,1,1,0,1,20240404,20241214
619,0,0,0,0,0,0,0,20240404,20241214
620,0,0,0,0,0,0,0,20240404,20241214
621,0,0,0,0,0,0,0,20240404,20241214
622,0,0,0,0,0,0,0,20240404,20241214
623,0,0,0,0,0,0,0,20240404,20241214
624,1,1,1,1,1,0,0,20240404,20241214
625,0,0,0,0,0,1,0,20240404,20241214
626,0,0,0,0,0,1,1,20240404,20241214
627,1,1,1,1,1,0,0,20240404,20241214
628,1,1,1,1,1,1,1,20240404,20241214
629,0,0,0,0,0,1,1,20240404,20241214
630,0,0,0,0,0,0,0,20240404,20241214
631,0,0,0,0,0,0,0,20240404,20241214
632,0,0,0,0,0,1,1,20240404,20241214
633,1,1,1,1,1,1,1,20240404,20241214
634,0,0,0,0,0,0,0,20240404,20241214
635,0,0,0,0,0,0,0,20240404,20241214
636,1,1,1,1,1,1,1,20240404,20241214
637,0,0,0,0,0,0,0,20240404,20241214
638,1,1,1,1,1,1,1,20240404,20241214
639,1,1,1,1,1,1,1,20240404,20241214
640,0,0,0,0,0,0,0,20240404,20241214
641,1,1,1,1,1,1,1,20240404,20241214
642,0,0,0,0,0,1,0,20240404,20241214
643,1,1,1,1,1,0,1,20240404,20241214
644,0,0,0,0,0,0,0,20240404,20241214
645,0,0,0,0,0,0,0,20240404,20241214
646,1,1,1,1,1,1,1,20240404,20241214
647,0,0,0,0,0,0,0,20240404,20241214
648,0,0,0,0,1,1,0,20240404,20241214
649,1,1,1,1,0,0,1,20240404,20241214
650,0,0,0,0,0,0,0,20240404,20241214
651,1,1,1,1,0,1,1,20240404,20241214
652,0,0,0,0,1,0,0,20240404,20241214
653,0,0,0,0,0,0,0,20240404,20241214
654,1,1,1,1,1,0,0,20240404,20241214
655,0,0,0,0,0,1,1,20240404,20241214
656,1,1,1,1,1,0,0,20240404,20241214
657,1,1,1,1,1,1,0,20240404,20241214
658,0,0,0,0,0,0,1,20240404,20241214
659,1,1,1,1,1,1,1,20240404,20241214
660,1,1,1,1,1,1,1,20240404,20241214
661,1,1,1,1,1,1,1,20240404,20241214
662,0,0,0,0,0,0,0,20240404,20241214
663,0,0,0,0,0,0,0,20240404,20241214
664,0,0,0,0,0,0,0,20240404,20241214
665,0,0,0,0,0,0,0,20240404,20241214
666,0,0,0,0,0,0,0,20240404,20241214
667,0,0,0,0,0,0,0,20240404,20241214
668,0,0,0,0,0,0,0,20240404,20241214
669,0,0,0,0,0,0,0,20240404,20241214
670,0,0,0,0,1,1,0,20240404,20241214
671,1,1,1,1,0,0,1,20240404,20241214
672,0,0,0,0,0,0,0,20240404,20241214
673,0,0,0,0,1,1,0,20240404,20241214
674,0,0,0,0,0,0,0,20240404,20241214
675,0,0,0,0,1,1,0,20240404,20241214
676,0,0,0,0,1,1,0,20240404,20241214
677,0,0,0,0,0,1,1,20240404,20241214
678,0,0,0,0,0,0,1,20240404,20241214
679,0,0,0,0,0,1,0,20240404,20241214
680,0,0,0,0,0,0,1,20240404,20241214
681,0,0,0,0,0,0,1,20240404,20241214
682,0,0,0,0,0,1,0,20240404,20241214
683,1,1,1,1,1,0,0,20240404,20241214
684,1,1,1,1,1,0,0,20240404,20241214
685,0,0,0,0,0,0,0,20240404,20241214
686,0,0,0,0,0,1,0,20240404,20241214
687,1,1,1,1,1,0,0,20240404,20241214
688,0,0,0,0,0,0,0,20240404,20241214
689,1,1,1,1,1,1,0,20240404,20241214
690,0,0,0,0,0,0,1,20240404,20241214
691,0,0,0,0,0,0,0,20240404,20241214
692,0,0,0,0,0,0,1,20240404,20241214
693,0,0,0,0,0,1,1,20240404,20241214
694,1,1,1,1,1,1,1,20240404,20241214
695,1,1,1,1,1,1,1,20240404,20241214
696,0,0,0,0,0,0,0,20240404,20241214
697,1,1,1,1,1,1,1,20240404,20241214
698,1,1,1,1,1,1,1,20240404,20241214
699,0,0,0,0,0,0,0,20240404,20241214
700,1,1,1,1,1,1,1,20240404,20241214
701,1,1,1,1,1,1,1,20240404,20241214
702,1,1,1,1,1,1,1,20240404,20241214
703,1,1,1,1,1,1,1,20240404,20241214
704,0,0,0,0,0,0,0,20240404,20241214
705,1,1,1,1,0,1,1,20240404,20241214
706,0,0,0,0,1,0,0,20240404,20241214
707,1,1,1,1,1,1,1,20240404,20241214
708,1,1,1,1,0,0,1,20240404,20241214
709,0,0,0,0,1,1,0,20240404,20241214
710,0,0,0,0,0,1,0,20240404,20241214
711,1,1,1,1,1,0,0,20240404,20241214
712,1,1,1,1,1,1,0,20240404,20241214
713,1,1,1,1,1,1,1,20240404,20241214
714,1,1,1,1,0,0,1,20240404,20241214
715,0,0,0,0,1,1,0,20240404,20241214
716,0,0,0,0,0,0,0,20240404,20241214
717,0,0,0,0,0,1,0,20240404,20241214
718,1,1,1,1,1,0,0,20240404,20241214
719,1,1,1,1,1,0,0,20240404,20241214
720,0,0,0,0,0,0,0,20240404,20241214
721,1,1,1,1,1,1,0,20240404,20241214
722,1,1,1,1,1,0,0,20240404,20241214
723,0,0,0,0,0,0,1,20240404,20241214
724,1,1,1,1,1,1,1,20240404,20241214
725,1,1,1,1,1,1,0,20240404,20241214
726,1,1,1,1,1,1,1,20240404,20241214
727,1,1,1,1,1,1,1,20240404,20241214
728,1,1,1,1,1,1,1,20240404,20241214
729,1,1,1,1,1,1,1,20240404,20241214
730,1,1,1,1,1,1,1,20240404,20241214
731,0,0,0,0,0,0,0,20240404,20241214
732,0,0,0,0,1,1,0,20240404,20241214
733,0,0,0,0,1,1,0,20240404,20241214
734,1,1,1,1,0,0,1,20240404,20241214
735,0,0,0,0,0,1,1,20240404,20241214
736,1,1,1,1,1,0,0,20240404,20241214
737,0,0,0,0,0,0,0,20240404,20241214
738,0,0,0,0,0,1,0,20240404,20241214
739,1,1,1,1,1,1,0,20240404,20241214
740,1,1,1,1,1,1,1,20240404,20241214
741,1,1,1,1,1,1,0,20240404,20241214
742,0,0,0,0,0,0,1,20240404,20241214
743,0,0,0,0,0,0,0,20240404,20241214
744,0,0,0,0,1,1,0,20240404,20241214
745,1,1,1,1,0,0,0,20240404,20241214
746,0,0,0,0,0,0,0,20240404,20241214
747,1,1,1,1,0,0,0,20240404,20241214
748,1,1,1,1,0,0,1,20240404,20241214
749,1,1,1,1,0,0,0,20240404,20241214
750,0,0,0,0,1,1,0,20240404,20241214
751,0,0,0,0,0,0,0,20240404,20241214
752,1,1,1,1,1,0,0,20240404,20241214
753,1,1,1,1,1,0,0,20240404,20241214
754,1,1,1,1,0,0,0,20240404,20241214
755,0,0,0,0,1,0,0,20240404,20241214
756,0,0,0,0,1,0,0,20240404,20241214
757,1,1,1,1,1,0,0,20240404,20241214
758,0,0,0,0,0,0,0,20240404,20241214
759,1,1,1,1,1,1,0,20240404,20241214
760,1,1,1,1,1,0,0,20240404,20241214
761,1,1,1,1,1,0,0,20240404,20241214
762,1,1,1,1,1,1,0,20240404,20241214
763,1,1,1,1,1,1,1,20240404,20241214
764,1,1,1,1,1,1,1,20240404,20241214
765,1,1,1,1,1,1,1,20240404,20241214
766,1,1,1,1,1,1,1,20240404,20241214
767,0,0,0,0,1,1,0,20240404,20241214
768,1,1,1,1,0,0,1,20240404,20241214
769,1,1,1,1,0,0,1,20240404,20241214
770,1,1,1,1,0,0,1,20240404,20241214
771,1,1,1,1,0,0,1,20240404,20241214
772,1,1,1,1,1,1,1,20240404,20241214
773,1,1,1,1,0,0,0,20240404,20241214
774,0,0,0,0,0,0,1,20240404,20241214
775,0,0,0,0,0,0,1,20240404,20241214
776,0,0,0,0,0,1,1,20240404,20241214
777,0,0,0,0,0,1,0,20240404,20241214
778,0,0,0,0,0,0,0,20240404,20241214
779,1,1,1,1,1,0,0,20240404,20241214
780,0,0,0,0,0,0,0,20240404,20241214
781,0,0,0,0,0,0,0,20240404,20241214
782,0,0,0,0,0,1,0,20240404,20241214
783,1,1,1,1,1,0,0,20240404,20241214
784,0,0,0,0,0,0,0,20240404,20241214
785,0,0,0,0,0,0,0,20240404,20241214
786,0,0,0,0,0,1,0,20240404,20241214
787,0,0,0,0,0,0,0,20240404,20241214
788,0,0,0,0,0,0,1,20240404,20241214
789,0,0,0,0,0,0,0,20240404,20241214
790,1,1,1,1,1,1,0,20240404,20241214
791,1,1,1,1,1,1,0,20240404,20241214
792,0,0,0,0,0,0,0,20240404,20241214
793,1,1,1,1,1,1,1,20240404,20241214
794,0,0,0,0,0,0,0,20240404,20241214
795,1,1,1,1,1,1,1,20240404,20241214
796,1,1,1,1,1,1,1,20240404,20241214
797,1,1,1,1,1,1,1,20240404,20241214
798,0,0,0,0,0,0,0,20240404,20241214
799,0,0,0,0,0,0,0,20240404,20241214
800,0,0,0,0,1,1,0,20240404,20241214
801,1,1,1,1,0,0,1,20240404,20241214
802,0,0,0,0,0,0,0,20240404,20241214
803,1,1,1,1,1,1,1,20240404,20241214
804,0,0,0,0,0,0,0,20240404,20241214
805,0,0,0,0,0,1,1,20240404,20241214
806,0,0,0,0,0,1,0,20240404,20241214
807,1,1,1,1,1,1,0,20240404,20241214
808,1,1,1,1,1,1,0,20240404,20241214
809,1,1,1,1,1,1,0,20240404,20241214
810,1,1,1,1,1,1,1,20240404,20241214
811,1,1,1,1,1,1,1,20240404,20241214
812,1,1,1,1,1,1,1,20240404,20241214
813,1,1,1,1,0,0,1,20240404,20241214
814,0,0,0,0,0,0,0,20240404,20241214
815,1,1,1,1,1,1,0,20240404,20241214
816,0,0,0,0,0,0,1,20240404,20241214
817,1,1,1,1,1,0,0,20240404,20241214
818,0,0,0,0,0,0,0,20240404,20241214
819,0,0,0,0,0,1,0,20240404,20241214
820,0,0,0,0,0,0,1,20240404,20241214
821,0,0,0,0,0,1,1,20240404,20241214
822,1,1,1,1,1,1,1,20240404,20241214
823,1,1,1,1,1,1,1,20240404,20241214
824,1,1,1,1,0,0,1,20240404,20241214
825,1,1,1,1,0,0,1,20240404,20241214
826,0,0,0,0,0,0,0,20240404,20241214
827,0,0,0,0,0,0,0,20240404,20241214
828,1,1,1,1,0,0,1,20240404,20241214
829,0,0,0,0,0,0,0,20240404,20241214
830,0,0,0,0,0,0,0,20240404,20241214
831,0,0,0,0,0,0,0,20240404,20241214
832,0,0,0,0,0,0,0,20240404,20241214
833,0,0,0,0,0,0,0,20240404,20241214
834,1,1,1,1,1,1,0,20240404,20241214
835,1,1,1,1,1,0,0,20240404,20241214
836,0,0,0,0,0,0,0,20240404,20241214
837,1,1,1,1,1,1,1,20240404,20241214
838,0,0,0,0,0,0,0,20240404,20241214
839,1,1,1,1,1,1,0,20240404,20241214
840,0,0,0,0,0,0,0,20240404,20241214
841,1,1,1,1,1,1,1,20240404,20241214
842,0,0,0,0,0,0,0,20240404,20241214
843,0,0,0,0,0,0,0,20240404,20241214
844,0,0,0,0,0,0,0,20240404,20241214
845,1,1,1,1,1,1,1,20240404,20241214
846,1,1,1,1,1,1,1,20240404,20241214
847,0,0,0,0,0,0,0,20240404,20241214
848,0,0,0,0,1,1,0,20240404,20241214
849,1,1,1,1,1,1,1,20240404,20241214
850,1,1,1,1,0,0,1,20240404,20241214
851,0,0,0,0,1,1,0,20240404,20241214
852,0,0,0,0,0,0,0,20240404,20241214
853,1,1,1,1,0,0,1,20240404,20241214
854,1,1,1,1,0,0,1,20240404,20241214
855,0,0,0,0,0,1,1,20240404,20241214
856,0,0,0,0,0,1,1,20240404,20241214
857,0,0,0,0,0,0,0,20240404,20241214
858,0,0,0,0,0,0,1,20240404,20241214
859,0,0,0,0,0,1,0,20240404,20241214
860,1,1,1,1,1,0,0,20240404,20241214
861,0,0,0,0,0,0,0,20240404,20241214
862,0,0,0,0,0,0,0,20240404,20241214
863,0,0,0,0,0,0,1,20240404,20241214
864,1,1,1,1,1,1,1,20240404,20241214
865,1,1,1,1,1,1,1,20240404,20241214
866,0,1,1,1,1,1,1,20240404,20241214
867,0,0,0,0,0,0,0,20240404,20241214
868,0,0,0,0,0,0,0,20240404,20241214
869,1,1,1,1,0,0,1,20240404,20241214
870,0,0,0,0,0,0,0,20240404,20241214
871,0,0,0,0,0,0,1,20240404,20241214
872,0,0,0,0,0,1,0,20240404,20241214
873,1,1,1,1,1,1,0,20240404,20241214
874,0,0,0,0,1,1,1,20240404,20241214
875,0,0,0,0,1,1,1,20240404,20241214
876,0,0,0,0,0,1,1,20240404,20241214
877,0,0,0,0,1,1,0,20240404,20241214
878,0,0,0,0,0,0,1,20240404,20241214
879,0,0,0,0,0,0,0,20240404,20241214
880,0,1,0,1,0,0,0,20240404,20241214
881,0,0,0,0,0,1,0,20240404,20241214
882,0,0,0,0,0,0,0,20240404,20241214
883,0,0,0,0,0,0,0,20240404,20241214
884,0,0,0,0,0,0,0,20240404,20241214
885,1,1,1,1,1,0,0,20240404,20241214
886,1,1,1,1,1,0,0,20240404,20241214
887,0,0,0,0,0,0,0,20240404,20241214
888,0,0,0,0,0,0,0,20240404,20241214
889,1,1,1,1,1,0,0,20240404,20241214
890,0,0,0,0,0,0,1,20240404,20241214
891,0,0,0,0,0,0,0,20240404,20241214
892,0,0,0,0,0,0,0,20240404,20241214
893,0,0,0,0,0,0,0,20240404,20241214
894,1,0,1,1,0,0,0,20240404,20241214
895,1,1,1,1,1,0,0,20240404,20241214
896,0,1,0,0,1,0,0,20240404,20241214
897,0,0,0,0,0,0,0,20240404,20241214
898,0,0,0,0,0,0,0,20240404,20241214
899,0,0,0,0,0,0,0,20240404,20241214
900,0,1,0,0,1,0,0,20240404,20241214
901,0,0,0,0,0,1,1,20240404,20241214
902,0,0,0,0,0,1,1,20240404,20241214
903,0,0,0,0,0,1,0,20240404,20241214
904,0,0,0,0,0,0,0,20240404,20241214
905,0,0,0,0,0,0,0,20240404,20241214
906,1,1,1,1,1,0,1,20240404,20241214
907,1,1,1,1,1,0,0,20240404,20241214
908,0,0,0,0,0,1,0,20240404,20241214
909,1,1,1,1,1,1,1,20240404,20241214
910,0,0,0,0,0,1,1,20240404,20241214
911,1,1,1,1,1,1,1,20240404,20241214
912,1,1,1,1,1,1,0,20240404,20241214
913,0,1,0,0,1,0,0,20240404,20241214
914,0,1,1,1,0,0,0,20240404,20241214
915,1,1,1,1,1,0,0,20240404,20241214
916,1,1,1,1,1,0,0,20240404,20241214
917,1,1,1,1,1,0,0,20240404,20241214
918,0,0,0,0,0,1,1,20240404,20241214
919,0,0,0,0,0,1,1,20240404,20241214
920,0,0,0,0,0,0,0,20240404,20241214
921,0,0,0,0,0,0,0,20240404,20241214
922,0,0,0,0,0,0,0,20240404,20241214
923,0,0,0,0,0,0,0,20240404,20241214
924,0,0,0,0,0,0,0,20240404,20241214
925,0,0,0,0,0,0,0,20240404,20241214
926,0,0,0,0,0,0,0,20240404,20241214
927,0,0,0,0,0,0,0,20240404,20241214
928,0,0,0,0,0,0,0,20240404,20241214
929,0,0,0,0,0,0,0,20240404,20241214
930,0,0,0,0,0,0,0,20240404,20241214
931,0,0,1,0,0,0,0,20240404,20241214
932,0,0,0,0,1,0,0,20240404,20241214
933,0,0,0,0,0,0,0,20240404,20241214
934,0,0,1,0,1,0,0,20240404,20241214
935,1,1,0,1,0,0,0,20240404,20241214
936,0,0,1,0,0,0,0,20240404,20241214
937,1,1,0,1,1,0,0,20240404,20241214
938,0,1,0,0,0,0,0,20240404,20241214
939,1,0,1,1,1,0,0,20240404,20241214
940,1,1,1,0,0,0,0,20240404,20241214
941,1,1,1,1,1,1,1,20240404,20241214
942,0,0,0,0,0,1,1,20240404,20241214
943,0,0,0,0,0,0,0,20240404,20241214
944,0,0,0,0,0,0,0,20240404,20241214
945,0,0,0,0,0,0,0,20240404,20241214
946,0,1,0,1,0,0,0,20240404,20241214
947,0,0,0,0,0,0,0,20240404,20241214
948,0,0,0,0,0,0,0,20240404,20241214
949,0,0,0,1,0,0,0,20240404,20241214
950,0,0,0,0,0,1,1,20240404,20241214
951,0,0,0,0,0,0,0,20240404,20241214
952,1,0,1,0,1,0,0,20240404,20241214
953,0,0,0,0,0,0,0,20240404,20241214
954,0,0,0,0,0,0,0,20240404,20241214
955,0,0,0,0,0,0,0,20240404,20241214
956,0,0,0,0,0,0,0,20240404,20241214
957,0,0,0,0,0,0,0,20240404,20241214
958,0,0,0,0,0,0,0,20240404,20241214
959,0,0,0,0,0,0,0,20240404,20241214
960,0,0,0,0,0,0,0,20240404,20241214
961,1,1,1,1,1,0,0,20240404,20241214
962,0,0,0,0,0,0,0,20240404,20241214
963,0,0,0,0,0,0,0,20240404,20241214
964,0,1,0,1,0,0,0,20240404,20241214
965,0,0,0,1,0,0,0,20240404,20241214
966,0,0,0,0,0,0,1,20240404,20241214
967,1,0,0,0,0,0,0,20240404,20241214
968,0,1,1,1,1,1,0,20240404,20241214
969,1,1,1,1,1,0,0,20240404,20241214
970,0,0,0,0,0,0,1,20240404,20241214
971,0,0,0,0,0,1,1,20240404,20241214
972,0,0,0,0,1,0,0,20240404,20241214
973,1,1,1,1,1,0,0,20240404,20241214
974,1,1,1,1,1,1,1,20240404,20241214
975,0,0,0,0,0,1,1,20240404,20241214
976,1,1,1,1,1,0,0,20240404,20241214
977,0,0,0,0,0,0,0,20240404,20241214
978,1,1,1,1,1,1,1,20240404,20241214
979,0,0,0,0,0,1,1,20240404,20241214
980,0,0,0,0,0,0,0,20240404,20241214
981,0,0,0,0,0,0,0,20240404,20241214
982,1,1,1,1,1,0,0,20240404,20241214
983,0,0,0,0,0,0,0,20240404,20241214
984,0,0,0,0,0,0,0,20240404,20241214
985,1,1,1,1,1,1,1,20240404,20241214
986,0,0,0,0,0,0,0,20240404,20241214
987,0,0,0,0,0,0,0,20240404,20241214
988,0,0,0,0,0,0,0,20240404,20241214
989,0,0,0,0,0,0,0,20240404,20241214
990,0,0,0,0,0,0,0,20240404,20241214
991,0,0,0,0,0,0,0,20240404,20241214
992,0,0,0,0,0,0,0,20240404,20241214
993,0,0,0,0,0,0,0,20240404,20241214
994,0,0,0,0,0,0,0,20240404,20241214
995,0,0,0,0,0,0,0,20240404,20241214
996,0,0,0,0,0,0,0,20240404,20241214
997,0,0,0,0,0,0,0,20240404,20241214
998,1,1,1,1,1,1,1,20240404,20241214
999,0,0,0,0,0,0,0,20240404,20241214
1000,0,0,0,0,0,0,0,20240404,20241214
1001,0,0,0,0,0,0,0,20240404,20241214
1002,1,1,1,1,1,0,0,20240404,20241214
1003,0,0,0,0,0,0,0,20240404,20241214
1004,1,1,1,1,1,1,1,20240404,20241214
1005,0,0,0,0,0,0,0,20240404,20241214
1006,1,1,1,1,1,1,1,20240404,20241214
1007,1,1,1,1,1,1,1,20240404,20241214
1008,0,0,0,0,0,0,0,20240404,20241214
1009,0,0,0,0,0,0,0,20240404,20241214
1010,0,0,0,0,0,0,0,20240404,20241214
1011,0,0,0,0,0,0,0,20240404,20241214
1012,0,0,0,0,0,1,1,20240404,20241214
1013,1,1,1,1,1,1,1,20240404,20241214
1014,1,1,1,1,1,1,1,20240404,20241214
1015,1,1,1,1,1,1,1,20240404,20241214
1016,0,0,0,0,0,0,1,20240404,20241214
1017,1,1,1,1,1,0,1,20240404,20241214
1018,1,1,1,1,1,0,0,20240404,20241214
1019,1,1,1,1,1,1,1,20240404,20241214
1020,1,1,1,1,1,0,0,20240404,20241214
1021,1,1,1,1,1,1,1,20240404,20241214
1022,0,0,0,0,0,1,1,20240404,20241214
1023,0,0,0,0,0,0,0,20240404,20241214
1024,1,1,1,1,1,1,1,20240404,20241214
1025,1,1,1,1,1,1,1,20240404,20241214
1026,0,0,0,0,0,0,0,20240404,20241214
1027,0,0,0,0,0,0,0,20240404,20241214
1028,1,1,1,1,1,1,1,20240404,20241214
1029,1,1,1,1,1,1,1,20240404,20241214
1030,1,1,1,1,1,1,1,20240404,20241214
1031,1,1,1,1,1,1,1,20240404,20241214
1032,0,0,0,0,0,0,0,20240404,20241214
1033,1,1,1,1,1,1,1,20240404,20241214
1034,1,1,1,1,1,1,1,20240404,20241214
1035,0,0,0,0,0,1,1,20240404,20241214
1036,0,0,0,0,0,0,0,20240404,20241214
1037,0,0,0,0,0,0,0,20240404,20241214
1038,0,0,0,0,1,0,0,20240404,20241214
1039,1,1,1,1,1,1,0,20240404,20241214
1040,1,1,1,1,1,1,0,20240404,20241214
1041,1,1,1,1,1,0,1,20240404,20241214
1042,1,1,1,1,1,0,0,20240404,20241214
1043,0,0,0,0,0,0,0,20240404,20241214
1044,1,1,1,1,1,0,0,20240404,20241214
1045,0,0,0,0,0,0,1,20240404,20241214
1046,0,0,0,0,0,1,0,20240404,20241214
1047,1,1,1,1,1,0,0,20240404,20241214
1048,0,0,0,0,0,0,0,20240404,20241214
1049,0,1,0,0,1,0,0,20240404,20241214
1050,0,0,0,0,0,0,0,20240404,20241214
1051,0,0,1,1,0,0,0,20240404,20241214
1052,0,0,1,0,0,0,0,20240404,20241214
1053,1,1,0,1,1,0,0,20240404,20241214
1054,0,0,1,0,0,0,0,20240404,20241214
1055,1,1,0,1,1,0,0,20240404,20241214
1056,0,0,0,0,0,0,0,20240404,20241214
1057,0,0,0,0,0,0,0,20240404,20241214
1058,0,0,0,0,0,0,0,20240404,20241214
1059,1,1,1,1,1,1,1,20240404,20241214
1060,0,0,0,0,0,0,0,20240404,20241214
1061,1,1,1,1,1,0,0,20240404,20241214
1062,1,1,1,1,1,1,1,20240404,20241214
1063,0,0,0,0,0,0,0,20240404,20241214
1064,0,0,0,0,0,0,0,20240404,20241214
1065,0,0,0,0,0,0,0,20240404,20241214
1066,0,0,0,0,0,0,0,20240404,20241214
1067,0,0,0,0,0,0,0,20240404,20241214
1068,0,0,0,0,0,0,0,20240404,20241214
1069,0,0,0,0,0,0,0,20240404,20241214
1070,0,0,0,0,0,0,0,20240404,20241214
1071,0,0,0,0,0,0,0,20240404,20241214
1072,0,0,0,0,0,0,0,20240404,20241214
1073,0,0,0,0,0,0,0,20240404,20241214
1074,0,0,0,0,0,0,0,20240404,20241214
1075,0,0,0,0,0,0,0,20240404,20241214
1076,0,0,0,0,0,0,0,20240404,20241214
1077,1,1,1,1,1,1,0,20240404,20241214
1078,0,0,0,0,0,0,0,20240404,20241214
1079,0,0,0,0,0,0,0,20240404,20241214
1080,0,0,0,0,0,0,1,20240404,20241214
1081,0,0,0,0,0,0,0,20240404,20241214
1082,0,0,0,0,0,0,0,20240404,20241214
1083,0,0,0,0,0,0,0,20240404,20241214
1084,0,0,0,0,0,0,0,20240404,20241214
1085,0,0,0,0,0,0,0,20240404,20241214
1086,0,0,0,0,0,0,0,20240404,20241214
1087,0,0,0,0,0,0,0,20240404,20241214
1088,0,0,0,0,0,0,0,20240404,20241214
1089,0,0,0,0,0,0,0,20240404,20241214
1090,0,0,0,0,0,0,0,20240404,20241214
1091,0,0,0,0,0,1,1,20240404,20241214
1092,1,1,1,1,1,0,0,20240404,20241214
1093,1,1,1,1,1,0,0,20240404,20241214
1094,0,0,0,0,0,0,0,20240404,20241214
1095,1,1,1,1,1,1,1,20240404,20241214
1096,1,1,1,1,1,1,1,20240404,20241214
1097,0,0,0,0,0,0,0,20240404,20241214
1098,0,0,0,0,0,0,0,20240404,20241214
1099,0,0,0,0,0,0,0,20240404,20241214
1100,0,0,0,0,0,0,0,20240404,20241214
1101,0,0,0,0,0,0,0,20240404,20241214
1102,0,0,0,0,0,0,0,20240404,20241214
1103,0,0,0,0,0,0,0,20240404,20241214
1104,0,0,0,0,0,0,0,20240404,20241214
1105,0,0,0,0,0,0,0,20240404,20241214
1106,0,0,0,0,0,0,0,20240404,20241214
1107,0,0,0,0,0,0,0,20240404,20241214
1108,0,0,0,0,0,0,0,20240404,20241214
1109,0,0,0,0,0,0,0,20240404,20241214
1110,0,0,0,0,0,0,0,20240404,20241214
1111,0,0,0,0,0,0,0,20240404,20241214
1112,0,0,0,0,0,0,0,20240404,20241214
1113,0,0,0,0,0,0,0,20240404,20241214
1114,0,0,0,0,0,0,0,20240404,20241214
1115,0,0,0,0,0,0,0,20240404,20241214
1116,0,0,0,0,0,0,0,20240404,20241214
1117,0,0,0,0,0,0,0,20240404,20241214
1118,0,1,1,0,0,0,0,20240404,20241214
1119,0,0,0,0,0,0,0,20240404,20241214
1120,0,0,0,0,0,1,1,20240404,20241214
1121,0,0,0,0,0,0,0,20240404,20241214
1122,1,1,1,0,0,0,0,20240404,20241214
1123,0,0,0,0,0,0,0,20240404,20241214
1124,0,0,0,0,0,0,0,20240404,20241214
1125,1,1,1,1,1,0,0,20240404,20241214
1126,0,0,0,0,0,0,0,20240404,20241214
1127,0,0,0,0,0,0,0,20240404,20241214
1128,0,0,0,0,0,0,0,20240404,20241214
1129,0,0,0,0,0,0,0,20240404,20241214
1130,1,1,1,1,1,1,1,20240404,20241214
1131,0,0,0,0,0,0,0,20240404,20241214
1132,0,0,0,0,0,0,0,20240404,20241214
1133,0,0,0,0,0,0,0,20240404,20241214
1134,0,0,0,0,0,0,0,20240404,20241214
1135,0,0,0,0,0,0,0,20240404,20241214
1136,0,0,0,0,0,0,0,20240404,20241214
1137,0,0,0,0,0,0,0,20240404,20241214
1138,0,0,0,0,0,0,0,20240404,20241214
1139,0,0,0,0,0,0,0,20240404,20241214
1140,1,1,1,1,0,0,1,20240404,20241214
1141,0,0,0,0,0,0,0,20240404,20241214
1142,0,0,0,0,0,0,0,20240404,20241214
1143,0,0,0,0,0,0,0,20240404,20241214
1144,0,0,0,0,1,1,0,20240404,20241214
1145,0,0,0,0,0,0,0,20240404,20241214
1146,0,0,0,0,0,0,0,20240404,20241214
1147,1,1,0,0,0,0,0,20240404,20241214
1148,0,0,0,0,0,0,0,20240404,20241214
1149,0,0,1,1,1,1,1,20240404,20241214
1150,0,0,0,0,0,0,0,20240404,20241214
1151,0,0,0,0,0,0,0,20240404,20241214
1152,0,0,0,0,0,0,0,20240404,20241214
1153,0,0,0,0,0,0,0,20240404,20241214
1154,0,0,0,0,0,0,0,20240404,20241214
1155,0,0,0,0,0,0,0,20240404,20241214
1156,1,1,0,0,0,0,0,20240404,20241214
1157,0,0,0,0,0,0,0,20240404,20241214
1158,0,0,0,0,0,0,0,20240404,20241214
1159,0,0,0,0,0,0,0,20240404,20241214
1160,0,0,0,0,0,0,0,20240404,20241214
1161,0,0,0,0,0,0,0,20240404,20241214
1162,0,0,0,0,0,0,0,20240404,20241214
1163,0,0,0,0,0,0,0,20240404,20241214
1164,1,1,0,0,0,0,0,20240404,20241214
1165,0,0,0,0,0,0,0,20240404,20241214
1166,0,0,0,0,0,0,0,20240404,20241214
1167,0,0,0,0,0,0,0,20240404,20241214
1168,0,0,0,0,0,0,0,20240404,20241214
1169,0,0,0,0,0,0,0,20240404,20241214
1170,0,1,1,0,0,0,0,20240404,20241214
1171,1,0,0,1,1,0,0,20240404,20241214
1172,0,0,0,0,0,0,0,20240404,20241214
1173,0,0,0,0,0,0,0,20240404,20241214
1174,0,0,0,0,0,0,0,20240404,20241214
1175,0,0,0,0,0,0,0,20240404,20241214
1176,0,0,0,0,0,0,0,20240404,20241214
1177,0,0,0,0,0,0,0,20240404,20241214
1178,0,0,0,0,0,0,0,20240404,20241214
1179,1,1,1,1,1,0,0,20240404,20241214
1180,0,0,0,0,0,1,1,20240404,20241214
1181,0,0,0,0,0,0,1,20240404,20241214
1182,1,1,1,1,1,1,1,20240404,20241214
1183,0,0,0,0,0,0,1,20240404,20241214
1184,1,1,1,1,1,1,1,20240404,20241214
1185,1,1,1,1,1,0,0,20240404,20241214
1186,1,1,1,1,1,0,0,20240404,20241214
1187,1,1,1,1,1,1,0,20240404,20241214
1188,1,1,1,1,1,1,1,20240404,20241214
1189,0,0,0,0,0,1,1,20240404,20241214
1190,0,0,0,0,0,0,0,20240404,20241214
1191,0,0,0,0,0,0,0,20240404,20241214
1192,0,0,0,0,0,0,0,20240404,20241214
1193,0,0,0,0,0,0,0,20240404,20241214
1194,0,0,0,0,0,0,0,20240404,20241214
1195,1,1,1,1,1,0,0,20240404,20241214
1196,0,0,0,0,0,0,0,20240404,20241214
1197,0,0,0,0,0,0,0,20240404,20241214
1198,0,0,0,0,0,0,0,20240404,20241214
1199,1,1,1,1,1,1,0,20240404,20241214
1200,0,0,0,0,0,0,0,20240404,20241214
1201,1,1,1,1,1,1,1,20240404,20241214
1202,0,0,0,0,0,0,0,20240404,20241214
1203,1,1,1,1,1,1,0,20240404,20241214
1204,0,0,0,0,0,0,0,20240404,20241214
1205,0,0,0,0,0,0,0,20240404,20241214
1206,0,0,0,0,0,0,0,20240404,20241214
1207,0,0,0,0,0,1,1,20240404,20241214
1208,1,1,1,1,1,0,0,20240404,20241214
1209,0,0,0,0,0,0,0,20240404,20241214
1210,0,0,0,0,0,0,1,20240404,20241214
1211,0,0,0,0,0,1,0,20240404,20241214
1212,0,0,0,0,1,1,0,20240404,20241214
1213,1,1,1,1,0,0,1,20240404,20241214
1214,0,0,0,0,0,0,0,20240404,20241214
1215,0,0,0,0,0,1,1,20240404,20241214
1216,1,1,1,1,1,0,0,20240404,20241214
1217,0,0,0,0,0,0,0,20240404,20241214
1218,1,1,1,1,1,1,1,20240404,20241214
1219,0,0,0,0,0,0,0,20240404,20241214
1220,0,0,0,0,0,0,0,20240404,20241214
1221,0,0,0,0,0,0,0,20240404,20241214
1222,0,0,0,0,0,0,0,20240404,20241214
1223,0,0,0,0,0,0,0,20240404,20241214
1224,0,0,0,0,0,0,0,20240404,20241214
1225,0,0,0,0,0,0,0,20240404,20241214
1226,0,0,0,0,0,0,0,20240404,20241214
1227,1,1,1,1,1,0,0,20240404,20241214
1228,0,0,0,0,0,0,0,20240404,20241214
1229,0,0,0,0,0,0,0,20240404,20241214
1230,0,0,0,0,0,0,0,20240404,20241214
1231,0,0,0,0,0,0,0,20240404,20241214
1232,1,1,1,1,1,0,0,20240404,20241214
1233,1,1,1,1,1,0,0,20240404,20241214
1234,0,0,0,0,0,0,0,20240404,20241214
1235,0,0,0,0,0,0,0,20240404,20241214
1236,0,0,0,0,0,1,1,20240404,20241214
1237,1,1,1,1,1,1,1,20240404,20241214
1238,0,0,0,0,0,0,0,20240404,20241214
1239,1,1,1,1,1,1,1,20240404,20241214
1240,0,0,0,0,0,0,0,20240404,20241214
1241,0,0,0,0,0,0,0,20240404,20241214
1242,0,0,0,0,0,0,0,20240404,20241214
1243,1,1,1,1,1,0,0,20240404,20241214
1244,0,0,0,0,0,0,0,20240404,20241214
1245,0,0,0,0,0,0,0,20240404,20241214
1246,0,0,0,0,0,0,1,20240404,20241214
1247,1,1,1,1,1,1,1,20240404,20241214
1248,0,0,0,0,0,0,0,20240404,20241214
1249,1,1,1,1,1,0,0,20240404,20241214
1250,0,0,0,0,0,0,0,20240404,20241214
1251,0,0,0,0,0,0,0,20240404,20241214
1252,0,0,0,0,0,0,0,20240404,20241214
1253,1,1,1,1,1,0,1,20240404,20241214
1254,0,0,0,0,0,0,0,20240404,20241214
1255,0,0,0,0,0,1,1,20240404,20241214
1256,0,0,0,0,0,0,0,20240404,20241214
1257,0,0,0,0,0,1,1,20240404,20241214
1258,0,0,0,0,0,0,0,20240404,20241214
1259,0,0,0,0,0,0,0,20240404,20241214
1260,1,1,1,1,1,1,1,20240404,20241214
1261,1,1,1,1,1,1,1,20240404,20241214
1262,1,1,1,1,1,1,1,20240404,20241214
1263,1,1,1,1,1,1,1,20240404,20241214
1264,1,1,1,1,1,1,1,20240404,20241214
1265,0,0,0,0,0,0,0,20240404,20241214
1266,1,1,1,1,1,1,1,20240404,20241214
1267,0,0,0,0,0,0,0,20240404,20241214
1268,0,0,0,0,0,0,0,20240404,20241214
1269,0,0,0,0,0,0,0,20240404,20241214
1270,1,1,1,1,1,0,0,20240404,20241214
1271,0,0,0,0,0,0,0,20240404,20241214
1272,0,0,0,0,0,0,0,20240404,20241214
1273,1,1,1,1,1,0,0,20240404,20241214
1274,0,0,0,0,0,1,1,20240404,20241214
1275,0,0,0,0,0,0,0,20240404,20241214
1276,0,0,0,0,0,1,1,20240404,20241214
1277,1,1,1,1,1,1,1,20240404,20241214
1278,0,0,0,0,0,0,0,20240404,20241214
1279,0,0,0,0,0,0,0,20240404,20241214
1280,0,0,0,0,0,0,0,20240404,20241214
1281,1,1,1,1,1,0,0,20240404,20241214
1282,1,1,1,1,1,1,1,20240404,20241214
1283,1,1,1,1,1,1,0,20240404,20241214
1284,0,0,0,0,0,1,1,20240404,20241214
1285,0,0,0,0,0,0,0,20240404,20241214
1286,0,0,0,0,0,1,1,20240404,20241214
1287,0,0,0,0,0,1,0,20240404,20241214
1288,1,1,1,1,1,1,1,20240404,20241214
1289,0,0,0,0,0,0,0,20240404,20241214
1290,0,0,0,0,0,0,0,20240404,20241214
1291,1,1,1,1,1,0,0,20240404,20241214
1292,0,1,1,1,0,0,0,20240404,20241214
1293,1,1,1,1,1,0,0,20240404,20241214
1294,0,0,0,0,0,0,1,20240404,20241214
1295,1,1,1,0,1,0,0,20240404,20241214
1296,1,0,1,0,1,0,0,20240404,20241214
1297,0,0,0,0,0,0,0,20240404,20241214
1298,0,0,0,0,0,0,0,20240404,20241214
1299,0,0,0,0,0,0,1,20240404,20241214
1300,0,0,0,0,0,1,0,20240404,20241214
1301,1,1,1,1,1,0,0,20240404,20241214
1302,0,0,0,0,0,1,1,20240404,20241214
1303,0,0,0,0,0,0,1,20240404,20241214
1304,0,0,0,0,1,1,0,20240404,20241214
1305,1,1,1,1,1,1,1,20240404,20241214
1306,1,1,1,1,1,1,1,20240404,20241214
1307,1,1,1,1,1,0,0,20240404,20241214
1308,0,0,0,0,0,1,0,20240404,20241214
1309,1,1,1,0,0,0,0,20240404,20241214
1310,0,0,0,0,0,0,0,20240404,20241214
1311,0,0,0,0,0,0,0,20240404,20241214
1312,0,0,0,0,0,0,0,20240404,20241214
1313,0,0,0,0,1,1,0,20240404,20241214
1314,0,1,0,1,0,0,0,20240404,20241214
1315,1,0,1,0,1,0,0,20240404,20241214
1316,0,0,0,0,0,0,0,20240404,20241214
1317,0,0,0,0,0,1,1,20240404,20241214
1318,0,0,0,0,0,0,0,20240404,20241214
1319,0,0,0,0,0,1,1,20240404,20241214
1320,0,0,0,0,0,0,0,20240404,20241214
1321,0,0,0,0,0,0,0,20240404,20241214
1322,0,0,0,0,0,0,0,20240404,20241214
1323,0,0,0,0,1,0,0,20240404,20241214
1324,0,0,0,0,1,0,0,20240404,20241214
1325,0,0,0,0,0,1,0,20240404,20241214
1326,0,0,0,0,0,0,1,20240404,20241214
1327,0,0,0,0,0,0,0,20240404,20241214
1328,1,1,1,1,1,0,0,20240404,20241214
1329,0,0,0,0,0,0,0,20240404,20241214
1330,1,1,1,1,1,1,1,20240404,20241214
1331,0,0,0,0,0,0,0,20240404,20241214
1332,0,0,0,0,0,0,0,20240404,20241214
1333,0,0,0,0,0,0,0,20240404,20241214
1334,0,0,0,0,0,0,0,20240404,20241214
1335,0,0,0,0,0,0,0,20240404,20241214
1336,0,0,0,0,0,0,0,20240404,20241214
1337,1,1,1,1,1,1,1,20240404,20241214
1338,0,0,0,0,0,0,0,20240404,20241214
1339,0,0,0,0,0,0,0,20240404,20241214
1340,0,0,0,0,0,0,0,20240404,20241214
1341,1,1,1,1,1,1,1,20240404,20241214
1342,1,1,1,1,1,1,1,20240404,20241214
1343,1,1,1,1,1,1,1,20240404,20241214
1344,1,1,1,1,1,1,1,20240404,20241214
1345,0,0,0,0,0,0,0,20240404,20241214
1346,0,0,0,0,0,0,0,20240404,20241214
1347,1,1,1,1,1,0,0,20240404,20241214
1348,0,1,1,0,0,0,0,20240404,20241214
1349,1,0,0,1,1,1,1,20240404,20241214
1350,0,0,0,0,0,0,0,20240404,20241214
1351,0,0,0,0,0,0,0,20240404,20241214
1352,0,0,0,0,0,0,0,20240404,20241214
1353,1,1,0,0,0,0,0,20240404,20241214
1354,0,0,1,1,1,1,1,20240404,20241214
1355,0,1,1,0,0,0,0,20240404,20241214
1356,1,0,0,1,1,0,0,20240404,20241214
1357,1,1,1,1,1,1,1,20240404,20241214
1358,0,0,0,0,0,0,0,20240404,20241214
1359,0,0,0,0,0,0,0,20240404,20241214
1360,0,0,0,0,0,0,0,20240404,20241214
1361,0,0,0,0,0,0,0,20240404,20241214
1362,0,0,0,0,0,0,0,20240404,20241214
1363,1,1,1,1,1,1,1,20240404,20241214
1364,0,0,1,1,1,0,0,20240404,20241214
1365,1,1,0,0,0,0,0,20240404,20241214
1366,1,1,1,1,1,1,1,20240404,20241214
1367,0,0,0,0,0,0,0,20240404,20241214
1368,0,0,0,0,0,1,1,20240404,20241214
1369,1,1,1,0,1,0,0,20240404,20241214
1370,0,0,0,0,0,0,0,20240404,20241214
1371,1,1,1,1,1,1,1,20240404,20241214
1372,0,0,0,0,0,0,0,20240404,20241214
1373,1,1,1,1,1,1,1,20240404,20241214
1374,0,0,0,0,0,0,0,20240404,20241214
1375,0,1,1,0,0,0,0,20240404,20241214
1376,1,0,0,1,1,1,1,20240404,20241214
1377,0,0,0,0,0,0,0,20240404,20241214
1378,0,0,0,0,0,0,0,20240404,20241214
1379,0,0,0,0,0,0,0,20240404,20241214
1380,1,1,0,0,0,0,0,20240404,20241214
1381,0,0,1,1,1,1,1,20240404,20241214
1382,0,0,0,0,0,0,0,20240404,20241214
1383,0,0,0,0,0,0,0,20240404,20241214
1384,1,0,1,1,1,1,1,20240404,20241214
1385,0,0,0,0,0,0,0,20240404,20241214
1386,0,0,0,0,0,0,0,20240404,20241214
1387,0,1,0,0,0,0,0,20240404,20241214
1388,1,1,1,1,1,1,1,20240404,20241214
1389,1,0,0,0,0,0,0,20240404,20241214
1390,0,1,1,1,1,1,1,20240404,20241214
1391,1,1,1,1,1,1,1,20240404,20241214
1392,1,1,1,1,1,1,1,20240404,20241214
1393,1,1,1,1,1,1,1,20240404,20241214
1394,0,1,0,0,0,0,0,20240404,20241214
1395,1,1,1,1,1,0,1,20240404,20241214
1396,0,0,0,0,0,1,0,20240404,20241214
1397,1,0,1,1,1,1,1,20240404,20241214
1398,1,1,1,1,1,1,1,20240404,20241214
1399,1,1,1,1,1,1,1,20240404,20241214
1400,0,0,0,0,0,0,0,20240404,20241214
1401,1,1,1,1,0,0,0,20240404,20241214
1402,0,0,0,0,0,0,0,20240404,20241214
1403,1,1,1,1,1,0,0,20240404,20241214
1404,1,1,1,1,1,0,0,20240404,20241214
1405,0,0,0,0,0,0,0,20240404,20241214
1406,1,1,1,1,1,0,0,20240404,20241214
1407,1,1,1,1,1,1,1,20240404,20241214
1408,0,0,0,0,0,0,0,20240404,20241214
1409,1,1,1,1,1,1,1,20240404,20241214
1410,0,0,0,0,0,0,0,20240404,20241214
1411,0,0,0,0,0,0,0,20240404,20241214
1412,0,0,0,0,0,0,0,20240404,20241214
1413,1,1,1,1,1,1,1,20240404,20241214
1414,1,1,1,1,1,0,0,20240404,20241214
1415,0,0,0,0,0,0,0,20240404,20241214
1416,1,1,1,1,1,0,0,20240404,20241214
1417,0,0,0,0,0,0,0,20240404,20241214
1418,0,0,0,0,0,0,0,20240404,20241214
1419,0,0,0,0,0,0,0,20240404,20241214
1420,0,0,0,0,0,0,0,20240404,20241214
1421,0,0,0,0,0,0,0,20240404,20241214
1422,0,0,0,0,0,1,1,20240404,20241214
1423,0,0,0,0,0,0,0,20240404,20241214
1424,1,1,1,1,1,0,0,20240404,20241214
1425,0,0,0,0,0,0,0,20240404,20241214
1426,1,1,1,1,1,1,1,20240404,20241214
1427,0,0,0,0,0,0,0,20240404,20241214
1428,0,0,0,0,0,0,0,20240404,20241214
1429,0,0,0,0,0,0,0,20240404,20241214
1430,1,1,1,1,1,1,0,20240404,20241214
1431,0,0,0,0,0,0,0,20240404,20241214
1432,0,0,0,0,0,0,1,20240404,20241214
1433,0,0,0,0,0,0,0,20240404,20241214
1434,0,0,0,0,0,0,0,20240404,20241214
1435,0,0,0,0,0,0,0,20240404,20241214
1436,0,0,0,0,0,0,0,20240404,20241214
1437,0,0,0,0,0,0,0,20240404,20241214
1438,0,0,0,0,0,0,0,20240404,20241214
1439,0,0,0,0,0,0,0,20240404,20241214
1440,0,0,0,0,0,0,0,20240404,20241214
1441,0,0,0,0,0,0,0,20240404,20241214
1442,0,0,0,0,0,0,0,20240404,20241214
1443,1,1,1,1,1,1,1,20240404,20241214
1444,1,1,1,1,1,1,1,20240404,20241214
1445,1,1,1,1,1,1,1,20240404,20241214
1446,1,1,1,1,1,1,1,20240404,20241214
1447,1,1,1,1,1,1,1,20240404,20241214
1448,0,0,0,0,0,0,0,20240404,20241214
1449,0,0,0,0,0,0,0,20240404,20241214
1450,0,1,1,1,1,1,1,20240404,20241214
1451,0,0,0,0,0,0,0,20240404,20241214
1452,0,0,0,0,0,0,0,20240404,20241214
1453,0,0,0,0,0,0,0,20240404,20241214
1454,0,0,0,0,0,0,0,20240404,20241214
1455,0,1,1,1,1,1,0,20240404,20241214
1456,1,0,0,0,0,0,1,20240404,20241214
1457,1,1,1,1,1,1,1,20240404,20241214
1458,0,0,0,0,0,0,0,20240404,20241214
1459,0,0,0,0,0,0,0,20240404,20241214
1460,0,0,0,0,0,0,0,20240404,20241214
1461,0,0,0,0,0,0,0,20240404,20241214
1462,0,0,0,0,0,1,1,20240404,20241214
1463,1,1,1,1,1,0,0,20240404,20241214
1464,0,0,0,0,0,0,0,20240404,20241214
1465,1,1,1,1,1,0,0,20240404,20241214
1466,1,1,1,1,1,0,0,20240404,20241214
1467,0,0,0,0,0,0,0,20240404,20241214
1468,0,0,0,0,0,0,0,20240404,20241214
1469,0,0,0,0,0,0,0,20240404,20241214
1470,0,0,0,0,0,0,0,20240404,20241214
1471,0,0,0,0,0,0,0,20240404,20241214
1472,0,0,0,0,0,0,0,20240404,20241214
1473,0,0,0,0,0,0,0,20240404,20241214
1474,0,0,0,0,0,0,0,20240404,20241214
1475,0,0,0,0,0,0,0,20240404,20241214
1476,1,1,1,1,0,0,1,20240404,20241214
1477,0,0,0,0,0,0,0,20240404,20241214
1478,0,0,0,0,0,0,0,20240404,20241214
1479,0,0,0,0,0,1,1,20240404,20241214
1480,0,0,0,0,0,0,0,20240404,20241214
1481,1,1,1,1,1,0,0,20240404,20241214
1482,0,0,0,0,0,0,0,20240404,20241214
1483,0,0,0,0,0,0,0,20240404,20241214
1484,0,0,0,0,0,0,0,20240404,20241214
1485,0,0,0,0,0,0,0,20240404,20241214
1486,0,0,0,0,0,0,0,20240404,20241214
1487,0,0,0,0,0,0,0,20240404,20241214
1488,0,0,0,0,0,0,0,20240404,20241214
1489,0,0,0,0,0,0,0,20240404,20241214
1490,0,0,0,0,0,0,0,20240404,20241214
1491,0,0,0,0,0,0,0,20240404,20241214
1492,0,0,0,0,0,0,0,20240404,20241214
1493,0,0,0,0,0,0,0,20240404,20241214
1494,0,0,0,0,0,0,0,20240404,20241214
1495,0,0,0,0,0,0,0,20240404,20241214
1496,0,0,0,0,0,0,0,20240404,20241214
1497,0,0,0,0,0,0,0,20240404,20241214
1498,0,0,0,0,0,0,0,20240404,20241214
1499,0,0,0,0,0,1,1,20240404,20241214
1500,1,1,1,1,1,1,1,20240404,20241214
1501,0,0,0,0,0,0,0,20240404,20241214
1502,0,0,0,0,0,1,1,20240404,20241214
1503,1,1,1,1,1,0,0,20240404,20241214
1504,1,1,1,1,1,1,1,20240404,20241214
1505,1,1,1,1,1,0,0,20240404,20241214
1506,1,1,1,1,1,1,1,20240404,20241214
1507,0,0,0,0,0,0,0,20240404,20241214
1508,1,1,1,1,1,1,1,20240404,20241214
1509,0,0,0,0,1,1,0,20240404,20241214
1510,1,1,1,1,0,0,1,20240404,20241214
1511,1,1,1,1,1,1,0,20240404,20241214
1512,0,0,0,0,0,0,0,20240404,20241214
1513,1,1,1,1,1,0,0,20240404,20241214
1514,0,0,0,0,0,0,0,20240404,20241214
1515,1,1,1,1,1,0,0,20240404,20241214
1516,0,0,0,0,0,0,0,20240404,20241214
1517,0,0,0,0,0,1,1,20240404,20241214
1518,1,1,1,0,0,0,0,20240404,20241214
1519,0,0,0,0,0,0,0,20240404,20241214
1520,0,0,0,0,0,0,0,20240404,20241214
1521,0,0,0,0,0,0,0,20240404,20241214
1522,0,0,0,0,0,0,0,20240404,20241214
1523,0,0,0,0,0,0,0,20240404,20241214
1524,0,0,0,0,0,0,0,20240404,20241214
1525,0,0,0,0,0,0,0,20240404,20241214
1526,0,0,0,0,0,0,0,20240404,20241214
1527,0,0,0,0,0,1,1,20240404,20241214
1528,1,1,1,1,1,1,1,20240404,20241214
1529,1,1,1,1,1,0,0,20240404,20241214
1530,1,1,1,1,1,1,0,20240404,20241214
1531,0,0,0,0,0,0,0,20240404,20241214
1532,0,0,0,0,0,1,1,20240404,20241214
1533,0,0,0,0,0,0,0,20240404,20241214
1534,0,0,0,0,0,0,0,20240404,20241214
1535,0,0,0,0,0,1,1,20240404,20241214
1536,0,0,0,0,0,0,0,20240404,20241214
1537,1,1,1,1,1,0,0,20240404,20241214
1538,0,0,0,0,0,0,0,20240404,20241214
1539,0,0,0,0,0,1,1,20240404,20241214
1540,1,1,1,1,1,1,1,20240404,20241214
1541,1,1,1,1,0,0,0,20240404,20241214
1542,0,0,0,0,0,1,1,20240404,20241214
1543,0,0,0,0,0,0,0,20240404,20241214
1544,0,0,0,0,0,0,0,20240404,20241214
1545,0,0,0,0,1,0,0,20240404,20241214
1546,0,0,0,0,0,0,1,20240404,20241214
1547,0,0,0,0,0,0,0,20240404,20241214
1548,1,1,1,1,1,1,0,20240404,20241214
1549,0,0,0,0,0,0,0,20240404,20241214
1550,1,1,1,1,1,1,1,20240404,20241214
1551,0,0,0,0,0,0,0,20240404,20241214
1552,1,0,0,0,0,0,0,20240404,20241214
1553,1,1,1,1,1,1,1,20240404,20241214
1554,1,1,1,1,1,0,0,20240404,20241214
1555,1,1,1,1,1,0,0,20240404,20241214
1556,0,0,0,0,0,0,0,20240404,20241214
1557,1,1,1,1,1,1,0,20240404,20241214
1558,0,0,0,0,0,1,1,20240404,20241214
1559,1,1,1,1,1,0,1,20240404,20241214
1560,0,0,0,0,0,0,1,20240404,20241214
1561,0,0,0,0,0,0,0,20240404,20241214
1562,1,1,1,1,1,0,0,20240404,20241214
1563,0,0,0,0,0,0,0,20240404,20241214
1564,0,0,0,0,0,0,0,20240404,20241214
1565,0,0,0,0,0,0,0,20240404,20241214
1566,1,1,1,1,1,0,0,20240404,20241214
1567,0,0,0,0,0,0,0,20240404,20241214
1568,1,1,1,1,1,1,1,20240404,20241214
1569,0,0,0,0,0,0,0,20240404,20241214
1570,0,0,0,0,0,0,0,20240404,20241214
1571,1,1,1,1,1,1,0,20240404,20241214
1572,1,1,1,1,1,1,1,20240404,20241214
1573,1,1,1,1,1,0,0,20240404,20241214
1574,1,1,1,1,1,1,1,20240404,20241214
1575,0,0,0,0,0,0,0,20240404,20241214
1576,0,0,0,0,0,0,0,20240404,20241214
1577,0,0,0,0,0,0,0,20240404,20241214
1578,0,0,0,0,0,0,0,20240404,20241214
1579,1,1,1,1,1,1,0,20240404,20241214
1580,0,0,0,0,0,0,0,20240404,20241214
1581,1,1,1,1,1,1,1,20240404,20241214
1582,1,1,1,1,1,1,1,20240404,20241214
1583,0,0,0,0,0,1,1,20240404,20241214
1584,1,1,1,1,1,0,0,20240404,20241214
1585,0,0,0,0,0,1,1,20240404,20241214
1586,1,1,1,1,1,1,1,20240404,20241214
1587,1,1,1,1,1,0,0,20240404,20241214
1588,1,1,1,1,1,1,1,20240404,20241214
1589,0,0,0,0,0,0,0,20240404,20241214
1590,0,0,0,0,0,0,0,20240404,20241214
1591,0,0,0,0,0,0,0,20240404,20241214
1592,0,0,0,0,0,0,0,20240404,20241214
1593,0,0,0,0,0,0,0,20240404,20241214
1594,0,0,0,0,0,0,0,20240404,20241214
1595,0,0,0,0,0,0,0,20240404,20241214
1596,0,0,0,0,0,0,0,20240404,20241214
1597,0,0,0,0,0,0,0,20240404,20241214
1598,0,0,0,0,0,0,0,20240404,20241214
1599,0,0,0,0,0,0,0,20240404,20241214
1600,0,0,0,0,0,0,0,20240404,20241214
1601,0,0,0,0,0,0,0,20240404,20241214
1602,0,0,0,0,0,0,0,20240404,20241214
1603,0,0,0,0,0,0,0,20240404,20241214
1604,0,0,0,0,0,0,0,20240404,20241214
1605,0,0,0,0,0,0,0,20240404,20241214
1606,0,0,0,0,0,0,0,20240404,20241214
1607,0,0,0,0,0,0,0,20240404,20241214
1608,0,0,0,0,0,1,1,20240404,20241214
1609,0,0,0,0,0,0,0,20240404,20241214
1610,1,1,1,1,1,0,0,20240404,20241214
1611,0,0,0,0,0,0,0,20240404,20241214
1612,0,0,0,0,0,0,0,20240404,20241214
1613,0,0,0,0,0,0,0,20240404,20241214
1614,0,0,0,0,0,1,1,20240404,20241214
1615,1,1,1,0,1,0,0,20240404,20241214
1616,0,0,0,0,0,0,0,20240404,20241214
1617,1,1,1,1,1,0,0,20240404,20241214
1618,0,0,0,0,0,0,0,20240404,20241214
1619,1,1,1,1,1,1,1,20240404,20241214
1620,0,0,0,0,0,0,0,20240404,20241214
1621,0,0,0,0,0,0,0,20240404,20241214
1622,0,0,0,0,0,0,0,20240404,20241214
1623,1,1,1,1,0,0,1,20240404,20241214
1624,0,0,0,0,0,0,0,20240404,20241214
1625,0,0,0,0,1,1,0,20240404,20241214
1626,0,0,0,0,0,0,0,20240404,20241214
1627,0,0,0,0,0,0,0,20240404,20241214
1628,1,1,1,1,1,0,0,20240404,20241214
1629,1,1,1,1,1,1,1,20240404,20241214
1630,0,0,0,0,1,1,0,20240404,20241214
1631,0,0,0,0,0,0,0,20240404,20241214
1632,0,0,0,0,0,0,0,20240404,20241214
1633,0,0,0,0,0,0,0,20240404,20241214
1634,0,0,0,0,0,1,1,20240404,20241214
1635,0,0,0,0,0,0,0,20240404,20241214
1636,0,0,0,0,0,0,1,20240404,20241214
1637,1,1,1,1,1,1,0,20240404,20241214
1638,0,0,0,0,0,1,0,20240404,20241214
1639,1,1,1,1,1,0,1,20240404,20241214
1640,0,0,0,0,0,0,0,20240404,20241214
1641,0,0,0,0,0,0,0,20240404,20241214
1642,0,0,0,0,0,1,1,20240404,20241214
1643,0,0,0,0,0,1,1,20240404,20241214
1644,0,0,0,0,0,0,0,20240404,20241214
1645,0,0,0,0,0,0,0,20240404,20241214
1646,0,0,0,0,0,0,0,20240404,20241214
1647,0,0,0,0,0,0,0,20240404,20241214
1648,0,0,0,0,0,0,0,20240404,20241214
1649,1,1,1,1,1,1,1,20240404,20241214
1650,0,0,0,0,0,0,0,20240404,20241214
1651,0,0,0,0,0,0,0,20240404,20241214
1652,0,0,0,0,1,1,0,20240404,20241214
1653,0,0,0,0,0,0,0,20240404,20241214
1654,0,0,0,0,0,0,0,20240404,20241214
1655,1,1,1,1,1,1,1,20240404,20241214
1656,0,0,0,0,0,0,0,20240404,20241214
1657,1,1,1,1,1,0,0,20240404,20241214
1658,0,0,0,0,0,0,0,20240404,20241214
1659,1,1,1,1,1,0,0,20240404,20241214
1660,1,1,1,1,0,0,0,20240404,20241214
1661,0,0,0,0,0,0,1,20240404,20241214
1662,0,1,1,1,1,0,0,20240404,20241214
1663,1,0,0,0,0,0,0,20240404,20241214
1664,0,0,0,0,0,0,0,20240404,20241214
1665,0,0,0,0,0,0,0,20240404,20241214
1666,1,1,1,1,0,0,0,20240404,20241214
1667,0,0,0,0,1,0,0,20240404,20241214
1668,1,1,1,1,0,0,0,20240404,20241214
1669,0,1,1,1,1,0,0,20240404,20241214
1670,1,0,0,0,0,0,0,20240404,20241214
1671,0,0,0,0,0,1,0,20240404,20241214
1672,0,0,0,0,0,0,1,20240404,20241214
1673,0,0,0,0,0,0,0,20240404,20241214
1674,0,0,0,0,0,0,0,20240404,20241214
1675,0,0,0,0,0,0,0,20240404,20241214
1676,0,0,0,0,0,0,0,20240404,20241214
1677,1,1,1,1,1,1,1,20240404,20241214
1678,0,0,0,0,0,1,1,20240404,20241214
1679,0,0,0,0,0,0,0,20240404,20241214
1680,0,0,0,0,0,0,0,20240404,20241214
1681,1,1,1,1,1,1,1,20240404,20241214
1682,0,0,0,0,0,1,1,20240404,20241214
1683,0,0,0,0,0,0,0,20240404,20241214
1684,0,0,0,0,0,0,0,20240404,20241214
1685,0,0,0,0,0,0,0,20240404,20241214
1686,1,1,1,1,0,0,1,20240404,20241214
1687,0,0,0,0,0,0,1,20240404,20241214
1688,1,1,1,1,0,0,0,20240404,20241214
1689,1,1,1,1,1,0,0,20240404,20241214
1690,1,1,1,1,1,0,0,20240404,20241214
1691,0,0,0,0,0,0,0,20240404,20241214
1692,0,0,0,0,0,1,1,20240404,20241214
1693,1,1,1,1,1,1,1,20240404,20241214
1694,1,1,1,1,1,1,0,20240404,20241214
1695,1,1,1,1,1,0,1,20240404,20241214
1696,0,0,0,0,0,1,0,20240404,20241214
1697,0,0,0,0,0,1,1,20240404,20241214
1698,1,1,1,1,1,0,0,20240404,20241214
1699,0,0,0,0,0,1,0,20240404,20241214
1700,0,0,0,0,1,1,0,20240404,20241214
1701,1,1,1,1,0,0,0,20240404,20241214
1702,0,0,0,0,1,0,0,20240404,20241214
1703,0,0,0,0,0,0,0,20240404,20241214
1704,0,0,0,0,0,0,0,20240404,20241214
1705,0,0,0,0,0,0,0,20240404,20241214
1706,0,0,0,0,0,0,0,20240404,20241214
1707,1,1,1,1,0,0,1,20240404,20241214
1708,0,0,0,0,0,0,0,20240404,20241214
1709,0,0,0,0,0,0,0,20240404,20241214
1710,1,1,1,1,1,0,0,20240404,20241214
1711,0,0,0,0,0,0,0,20240404,20241214
1712,0,0,0,0,0,0,0,20240404,20241214
1713,0,0,0,0,0,0,1,20240404,20241214
1714,0,0,0,0,0,1,1,20240404,20241214
1715,0,0,0,0,0,0,0,20240404,20241214
1716,1,1,1,1,1,1,1,20240404,20241214
1717,0,0,0,0,0,0,0,20240404,20241214
1718,0,0,0,0,0,0,0,20240404,20241214
1719,0,0,0,0,0,0,0,20240404,20241214
1720,0,0,0,0,0,0,0,20240404,20241214
1721,0,0,0,0,0,0,0,20240404,20241214
1722,0,0,0,0,0,0,0,20240404,20241214
1723,0,0,0,0,0,0,0,20240404,20241214
1724,0,0,0,0,0,0,0,20240404,20241214
1725,0,0,0,0,0,0,0,20240404,20241214
1726,0,0,0,0,0,1,1,20240404,20241214
1727,0,0,0,0,0,1,0,20240404,20241214
1728,0,0,0,0,0,0,0,20240404,20241214
1729,0,0,0,0,0,0,0,20240404,20241214
1730,1,1,1,1,1,0,0,20240404,20241214
1731,0,0,0,0,0,1,0,20240404,20241214
1732,0,0,0,0,0,0,1,20240404,20241214
1733,0,0,0,0,0,1,1,20240404,20241214
1734,1,1,1,1,1,1,0,20240404,20241214
1735,1,1,1,1,1,0,1,20240404,20241214
1736,1,1,1,1,1,1,1,20240404,20241214
1737,0,0,0,0,0,0,0,20240404,20241214
1738,0,0,0,0,0,0,0,20240404,20241214
1739,0,0,0,0,0,0,0,20240404,20241214
1740,0,0,0,0,0,0,0,20240404,20241214
1741,0,0,0,0,0,0,0,20240404,20241214
1742,0,0,0,0,0,0,0,20240404,20241214
1743,0,0,0,0,0,0,0,20240404,20241214
1744,0,0,0,0,0,0,0,20240404,20241214
1745,0,0,0,0,0,0,0,20240404,20241214
1746,0,0,0,0,0,0,0,20240404,20241214
1747,0,0,0,0,0,0,0,20240404,20241214
1748,0,0,0,0,0,0,0,20240404,20241214
1749,0,0,0,0,0,0,0,20240404,20241214
1750,0,0,0,0,0,1,1,20240404,20241214
1751,0,0,0,0,0,1,0,20240404,20241214
1752,1,1,1,1,0,0,1,20240404,20241214
1753,0,0,0,0,1,1,0,20240404,20241214
1754,1,1,1,1,1,1,0,20240404,20241214
1755,0,0,0,0,0,0,0,20240404,20241214
1756,0,0,0,0,0,0,0,20240404,20241214
1757,0,0,0,0,0,0,0,20240404,20241214
1758,0,0,0,0,0,0,0,20240404,20241214
1759,1,1,1,1,0,0,1,20240404,20241214
1760,0,0,0,0,1,1,0,20240404,20241214
1761,0,0,0,0,0,1,1,20240404,20241214
1762,1,1,1,1,1,0,0,20240404,20241214
1763,0,0,0,0,0,0,1,20240404,20241214
1764,1,1,1,1,1,0,1,20240404,20241214
1765,0,0,0,0,0,0,0,20240404,20241214
1766,0,0,0,0,0,0,0,20240404,20241214
1767,0,0,0,0,0,0,0,20240404,20241214
1768,0,0,0,0,0,0,0,20240404,20241214
1769,1,1,1,1,1,0,0,20240404,20241214
1770,0,0,0,0,0,1,0,20240404,20241214
1771,1,1,1,1,1,1,0,20240404,20241214
1772,0,0,0,0,0,1,1,20240404,20241214
1773,1,1,1,1,1,0,0,20240404,20241214
1774,0,0,0,0,0,0,0,20240404,20241214
1775,0,0,0,0,0,0,0,20240404,20241214
1776,0,0,0,0,0,0,0,20240404,20241214
1777,0,0,0,0,0,0,0,20240404,20241214
1778,0,0,0,0,0,0,0,20240404,20241214
1779,0,0,0,0,0,0,0,20240404,20241214
1780,0,0,0,0,0,0,0,20240404,20241214
1781,0,0,0,0,0,0,0,20240404,20241214
1782,0,0,0,0,0,0,0,20240404,20241214
1783,0,0,0,0,0,0,0,20240404,20241214
1784,0,0,0,0,0,0,0,20240404,20241214
1785,0,0,0,0,0,0,0,20240404,20241214
1786,0,0,0,0,0,0,0,20240404,20241214
1787,0,0,0,0,0,0,0,20240404,20241214
1788,0,0,0,0,0,0,0,20240404,20241214
1789,0,0,0,0,0,0,0,20240404,20241214
1790,0,0,0,0,0,0,0,20240404,20241214
1791,0,0,0,0,0,0,0,20240404,20241214
1792,0,0,0,0,0,1,0,20240404,20241214
1793,1,1,1,1,1,1,0,20240404,20241214
1794,1,1,1,1,1,1,1,20240404,20241214
1795,1,1,1,1,1,0,1,20240404,20241214
1796,0,0,0,0,1,1,1,20240404,20241214
1797,0,0,0,0,1,0,0,20240404,20241214
1798,1,1,1,1,0,1,1,20240404,20241214
1799,1,1,1,1,0,0,0,20240404,20241214
1800,0,0,0,0,1,1,1,20240404,20241214
1801,0,0,0,0,1,1,0,20240404,20241214
1802,0,0,0,0,0,0,1,20240404,20241214
1803,1,1,1,1,0,0,0,20240404,20241214
1804,0,0,0,0,0,1,0,20240404,20241214
1805,0,0,0,0,1,0,0,20240404,20241214
1806,0,0,0,0,1,1,0,20240404,20241214
1807,0,0,0,0,1,0,0,20240404,20241214
1808,0,0,0,0,0,0,0,20240404,20241214
1809,0,0,0,0,0,0,0,20240404,20241214
1810,0,0,0,0,0,1,0,20240404,20241214
1811,0,0,0,0,0,0,1,20240404,20241214
1812,0,0,0,0,0,1,1,20240404,20241214
1813,1,1,1,1,1,0,0,20240404,20241214
1814,0,0,0,0,0,0,0,20240404,20241214
1815,0,0,0,0,0,0,0,20240404,20241214
1816,1,1,1,1,0,0,1,20240404,20241214
1817,1,1,1,1,0,0,1,20240404,20241214
1818,1,1,1,1,1,0,1,20240404,20241214
1819,1,1,1,1,1,1,1,20240404,20241214
1820,0,0,0,0,1,1,1,20240404,20241214
1821,0,0,0,0,0,0,0,20240404,20241214
1822,1,1,1,1,1,0,0,20240404,20241214
1823,0,0,0,0,1,0,0,20240404,20241214
1824,1,1,1,1,0,0,0,20240404,20241214
1825,0,0,0,0,0,0,0,20240404,20241214
1826,0,0,0,0,0,1,0,20240404,20241214
1827,0,0,0,0,0,0,0,20240404,20241214
1828,1,1,1,1,1,1,1,20240404,20241214
1829,1,1,1,1,0,1,1,20240404,20241214
1830,1,1,1,1,1,1,1,20240404,20241214
1831,0,0,0,0,0,1,1,20240404,20241214
1832,1,1,1,1,1,0,0,20240404,20241214
1833,0,0,0,0,0,1,1,20240404,20241214
1834,1,1,1,1,1,0,0,20240404,20241214
1835,1,1,1,1,1,1,1,20240404,20241214
1836,0,0,0,0,1,1,0,20240404,20241214
1837,0,0,0,0,0,0,0,20240404,20241214
1838,0,0,0,0,0,0,0,20240404,20241214
1839,0,0,0,0,0,0,0,20240404,20241214
1840,1,1,1,1,1,1,0,20240404,20241214
1841,0,0,0,0,0,0,0,20240404,20241214
1842,0,0,0,0,0,0,0,20240404,20241214
1843,0,0,0,0,0,1,0,20240404,20241214
1844,0,0,0,0,0,0,0,20240404,20241214
1845,0,0,0,0,0,0,0,20240404,20241214
1846,1,1,1,1,0,1,1,20240404,20241214
1847,0,0,0,0,1,1,1,20240404,20241214
1848,0,0,0,0,0,0,0,20240404,20241214
1849,0,0,0,0,0,0,0,20240404,20241214
1850,0,0,0,0,0,0,0,20240404,20241214
1851,0,0,0,0,0,0,0,20240404,20241214
1852,0,0,0,0,0,0,0,20240404,20241214
1853,0,0,0,0,0,0,0,20240404,20241214
1854,0,0,0,0,0,0,0,20240404,20241214
1855,0,0,0,0,0,1,1,20240404,20241214
1856,1,1,1,1,0,0,1,20240404,20241214
1857,0,0,0,0,0,1,1,20240404,20241214
1858,0,0,0,0,0,1,1,20240404,20241214
1859,0,0,0,0,1,1,0,20240404,20241214
1860,1,1,1,1,1,0,0,20240404,20241214
1861,1,1,1,1,0,0,1,20240404,20241214
1862,0,0,0,0,0,0,0,20240404,20241214
1863,0,0,0,0,0,1,0,20240404,20241214
1864,0,0,0,0,0,0,0,20240404,20241214
1865,0,0,0,0,0,0,0,20240404,20241214
1866,0,0,0,0,0,0,0,20240404,20241214
1867,0,0,0,0,0,0,0,20240404,20241214
1868,0,0,0,0,0,0,0,20240404,20241214
1869,0,0,0,0,0,0,0,20240404,20241214
1870,0,0,0,0,0,0,0,20240404,20241214
1871,0,0,0,0,0,0,0,20240404,20241214
1872,0,0,0,0,0,0,0,20240404,20241214
1873,0,0,0,0,0,0,0,20240404,20241214
1874,0,0,0,0,0,0,0,20240404,20241214
1875,0,0,0,0,0,0,0,20240404,20241214
1876,0,0,0,0,0,0,0,20240404,20241214
1877,0,0,0,0,0,0,0,20240404,20241214
1878,0,0,0,0,0,0,0,20240404,20241214
1879,0,0,0,0,0,0,0,20240404,20241214
1880,0,0,0,0,0,0,0,20240404,20241214
1881,1,1,1,1,1,0,0,20240404,20241214
1882,0,0,0,0,0,1,0,20240404,20241214
1883,0,0,0,0,0,0,0,20240404,20241214
1884,0,0,0,0,0,0,0,20240404,20241214
1885,0,0,0,0,0,0,0,20240404,20241214
1886,0,0,0,0,0,0,0,20240404,20241214
1887,0,0,0,0,0,0,0,20240404,20241214
1888,0,0,0,0,0,0,0,20240404,20241214
1889,0,0,0,0,1,0,0,20240404,20241214
1890,1,1,1,1,0,0,1,20240404,20241214
1891,0,0,0,0,0,0,0,20240404,20241214
1892,0,0,0,0,0,0,0,20240404,20241214
1893,1,1,1,1,1,0,0,20240404,20241214
1894,1,1,1,1,1,1,0,20240404,20241214
1895,0,0,0,0,0,0,0,20240404,20241214
1896,1,1,1,1,1,0,0,20240404,20241214
1897,0,0,0,0,0,1,0,20240404,20241214
1898,0,0,0,0,0,0,0,20240404,20241214
1899,0,0,0,0,0,0,0,20240404,20241214
1900,1,1,1,1,1,0,0,20240404,20241214
1901,0,0,0,0,0,0,0,20240404,20241214
1902,0,0,0,0,0,0,0,20240404,20241214
1903,0,0,0,0,0,0,0,20240404,20241214
1904,0,0,0,0,0,0,1,20240404,20241214
1905,1,1,1,1,1,1,0,20240404,20241214
1906,0,0,0,0,0,0,0,20240404,20241214
1907,0,0,0,0,0,0,0,20240404,20241214
1908,0,0,0,0,0,0,0,20240404,20241214
1909,0,0,0,0,0,0,0,20240404,20241214
1910,0,0,0,0,0,0,0,20240404,20241214
1911,0,0,0,0,0,0,0,20240404,20241214
1912,0,0,0,0,1,1,0,20240404,20241214
1913,1,1,1,1,0,0,1,20240404,20241214
1914,0,0,0,0,0,0,0,20240404,20241214
1915,0,0,0,0,0,0,0,20240404,20241214
1916,0,0,0,0,0,0,0,20240404,20241214
1917,0,0,0,0,0,0,0,20240404,20241214
1918,0,0,0,0,0,0,0,20240404,20241214
1919,0,0,0,0,0,0,0,20240404,20241214
1920,0,0,0,0,0,0,0,20240404,20241214
1921,0,0,0,0,0,0,0,20240404,20241214
1922,0,0,0,0,0,0,0,20240404,20241214
1923,0,0,0,0,1,0,0,20240404,20241214
1924,1,1,1,1,0,0,0,20240404,20241214
1925,0,0,0,0,0,0,0,20240404,20241214
1926,0,0,0,0,0,0,0,20240404,20241214
1927,0,0,0,0,0,0,0,20240404,20241214
1928,0,0,0,0,0,0,0,20240404,20241214
1929,0,0,0,0,0,0,0,20240404,20241214
1930,0,0,0,0,0,0,0,20240404,20241214
1931,1,1,1,1,0,1,0,20240404,20241214
1932,0,0,0,0,0,0,0,20240404,20241214
1933,0,0,0,0,0,0,0,20240404,20241214
1934,0,0,0,0,0,1,1,20240404,20241214
1935,0,1,1,1,1,1,1,20240404,20241214
1936,0,1,1,1,1,0,0,20240404,20241214
1937,1,0,0,0,0,0,0,20240404,20241214
1938,0,0,0,0,0,1,0,20240404,20241214
1939,1,1,1,1,1,1,1,20240404,20241214
1940,1,1,1,1,1,1,1,20240404,20241214
1941,1,1,1,1,1,1,1,20240404,20241214
1942,0,0,1,0,0,0,1,20240404,20241214
1943,0,0,0,0,0,0,0,20240404,20241214
1944,0,0,0,0,0,0,0,20240404,20241214
1945,0,0,0,0,0,0,0,20240404,20241214
1946,0,0,0,0,0,0,0,20240404,20241214
1947,0,0,0,0,0,0,0,20240404,20241214
1948,0,0,0,0,0,0,0,20240404,20241214
1949,0,0,0,0,0,0,0,20240404,20241214
1950,0,0,0,0,0,1,0,20240404,20241214
1951,0,0,0,0,0,0,0,20240404,20241214
1952,0,0,0,0,0,0,0,20240404,20241214
1953,0,0,0,0,0,0,1,20240404,20241214
1954,0,0,0,0,0,0,0,20240404,20241214
1955,0,0,0,0,0,0,0,20240404,20241214
1956,0,0,0,0,0,0,0,20240404,20241214
1957,0,0,0,0,0,0,0,20240404,20241214
1958,0,0,0,0,0,0,0,20240404,20241214
1959,1,1,1,1,0,0,0,20240404,20241214
1960,0,0,0,0,0,0,0,20240404,20241214
1961,0,0,0,0,0,0,0,20240404,20241214
1962,0,0,0,0,0,0,0,20240404,20241214
1963,1,1,0,1,0,0,0,20240404,20241214
1964,0,0,0,0,0,0,0,20240404,20241214
1965,0,0,0,0,0,0,0,20240404,20241214
1966,0,0,0,0,0,0,0,20240404,20241214
1967,0,0,0,0,0,0,0,20240404,20241214
1968,0,0,0,0,0,0,0,20240404,20241214
1969,0,0,0,0,0,0,0,20240404,20241214
1970,0,0,0,0,0,0,0,20240404,20241214
1971,1,1,1,1,1,0,0,20240404,20241214
1972,1,1,1,1,1,1,1,20240404,20241214
1973,0,0,0,0,0,0,0,20240404,20241214
1974,0,0,0,0,0,0,0,20240404,20241214
1975,0,0,0,0,0,0,0,20240404,20241214
1976,0,0,0,0,0,0,0,20240404,20241214
1977,0,0,0,0,0,0,0,20240404,20241214
1978,0,0,0,0,0,0,0,20240404,20241214
1979,0,0,0,0,0,0,0,20240404,20241214
1980,0,0,0,0,0,0,0,20240404,20241214
1981,0,0,0,0,0,0,0,20240404,20241214
1982,0,0,0,0,0,0,0,20240404,20241214
1983,0,0,0,0,0,0,0,20240404,20241214
1984,0,0,0,0,0,0,0,20240404,20241214
1985,0,0,0,0,0,0,0,20240404,20241214
1986,0,0,0,0,0,0,0,20240404,20241214
1987,0,0,0,0,0,0,1,20240404,20241214
1988,1,1,1,1,1,0,0,20240404,20241214
1989,1,1,1,1,1,1,0,20240404,20241214
1990,1,1,1,1,1,1,1,20240404,20241214
1991,0,0,0,0,0,0,0,20240404,20241214
1992,0,0,0,0,0,0,0,20240404,20241214
1993,0,0,0,0,0,0,0,20240404,20241214
1994,0,0,0,0,0,1,0,20240404,20241214
1995,0,0,0,0,0,0,0,20240404,20241214
1996,0,0,0,0,0,0,0,20240404,20241214
1997,0,0,0,0,0,0,0,20240404,20241214
1998,0,0,0,0,0,0,0,20240404,20241214
1999,0,0,0,0,0,0,0,20240404,20241214
2000,0,0,0,0,0,0,0,20240404,20241214
2001,0,1,1,0,0,0,0,20240404,20241214
2002,1,0,0,1,1,0,0,20240404,20241214
2003,0,0,0,0,0,0,0,20240404,20241214
2004,1,1,1,0,1,0,0,20240404,20241214
2005,0,0,0,0,0,0,0,20240404,20241214
2006,1,0,1,1,0,0,0,20240404,20241214
2007,0,0,0,0,0,0,0,20240404,20241214
2008,1,0,1,0,0,0,0,20240404,20241214
2009,0,0,0,0,0,0,0,20240404,20241214
2010,0,0,0,0,0,0,0,20240404,20241214
2011,1,0,0,0,0,0,0,20240404,20241214
2012,0,1,1,1,1,0,0,20240404,20241214
2013,0,0,0,0,0,0,0,20240404,20241214
2014,0,0,0,0,0,0,0,20240404,20241214
2015,0,0,0,0,0,0,0,20240404,20241214
2016,1,1,1,1,1,0,0,20240404,20241214
2017,0,0,0,0,0,1,1,20240404,20241214
2018,0,0,0,0,0,0,1,20240404,20241214
2019,0,0,0,0,0,0,0,20240404,20241214
2020,0,0,0,0,0,0,0,20240404,20241214
2021,0,0,0,0,0,0,0,20240404,20241214
2022,0,0,0,0,0,0,0,20240404,20241214
2023,0,0,0,0,0,0,0,20240404,20241214
2024,0,0,0,0,0,0,0,20240404,20241214
2025,0,0,0,0,0,0,0,20240404,20241214
2026,0,0,0,0,0,1,1,20240404,20241214
2027,0,0,0,0,0,0,1,20240404,20241214
2028,0,0,0,0,0,1,0,20240404,20241214
2029,0,0,0,0,1,0,0,20240404,20241214
2030,0,0,0,0,1,0,0,20240404,20241214
2031,1,1,1,1,0,0,0,20240404,20241214
2032,0,0,0,0,0,0,0,20240404,20241214
2033,0,0,0,0,0,0,0,20240404,20241214
2034,0,0,0,0,0,0,0,20240404,20241214
2035,0,0,0,0,0,0,0,20240404,20241214
2036,0,0,0,0,0,0,0,20240404,20241214
2037,0,0,0,0,0,0,0,20240404,20241214
2038,0,0,0,0,0,0,0,20240404,20241214
2039,0,0,0,0,0,0,0,20240404,20241214
2040,0,1,0,0,1,0,0,20240404,20241214
2041,0,0,0,0,0,0,0,20240404,20241214
2042,0,0,0,0,0,0,0,20240404,20241214
2043,0,0,0,0,0,0,0,20240404,20241214
2044,0,0,0,0,0,0,0,20240404,20241214
2045,0,0,0,0,0,0,0,20240404,20241214
2046,0,0,0,0,0,0,0,20240404,20241214
2047,0,0,0,0,1,0,0,20240404,20241214
2048,0,0,0,0,0,0,0,20240404,20241214
2049,0,0,0,0,0,0,0,20240404,20241214
2050,0,0,0,0,0,1,1,20240404,20241214
2051,0,0,0,0,0,1,0,20240404,20241214
2052,0,0,0,0,0,0,0,20240404,20241214
2053,0,0,0,0,0,0,0,20240404,20241214
2054,0,0,0,0,0,0,0,20240404,20241214
2055,0,0,0,0,0,0,0,20240404,20241214
2056,0,0,0,0,0,0,0,20240404,20241214
2057,0,0,0,0,0,0,0,20240404,20241214
2058,0,0,0,0,0,0,0,20240404,20241214
2059,0,0,0,0,0,0,0,20240404,20241214
2060,0,0,0,0,0,0,0,20240404,20241214
2061,0,0,0,0,0,0,0,20240404,20241214
2062,0,0,0,0,0,0,0,20240404,20241214
2063,0,0,0,0,0,0,0,20240404,20241214
2064,0,0,0,0,0,0,0,20240404,20241214
2065,0,0,0,0,0,0,0,20240404,20241214
2066,0,0,0,0,0,0,0,20240404,20241214
2067,0,0,0,0,0,0,0,20240404,20241214
2068,0,0,0,0,0,0,0,20240404,20241214
2069,1,1,1,1,1,0,0,20240404,20241214
2070,1,1,1,1,1,0,0,20240404,20241214
2071,0,0,0,0,0,0,0,20240404,20241214
2072,0,0,0,0,0,0,0,20240404,20241214
2073,1,1,1,1,1,1,1,20240404,20241214
2074,1,1,1,1,1,1,1,20240404,20241214
2075,0,0,0,0,0,1,0,20240404,20241214
2076,1,1,1,1,1,0,0,20240404,20241214
2077,0,0,0,0,0,0,0,20240404,20241214
2078,1,1,1,1,1,1,1,20240404,20241214
2079,1,1,1,1,1,1,1,20240404,20241214
2080,0,0,0,0,0,0,0,20240404,20241214
2081,0,0,0,0,0,0,0,20240404,20241214
2082,1,1,1,1,1,1,0,20240404,20241214
2083,1,1,1,1,1,0,0,20240404,20241214
2084,1,1,1,1,1,0,0,20240404,20241214
2085,0,0,0,0,0,1,1,20240404,20241214
2086,1,1,1,1,1,0,0,20240404,20241214
2087,1,1,1,1,1,1,1,20240404,20241214
2088,0,0,0,0,0,0,0,20240404,20241214
2089,0,0,0,0,0,1,1,20240404,20241214
2090,1,1,1,1,1,0,0,20240404,20241214
2091,1,1,1,1,1,0,0,20240404,20241214
2092,1,1,1,1,0,0,0,20240404,20241214
2093,0,0,0,0,0,0,0,20240404,20241214
2094,0,0,0,0,1,0,0,20240404,20241214
2095,0,0,0,0,0,0,0,20240404,20241214
2096,1,1,1,1,1,0,0,20240404,20241214
2097,1,1,1,1,0,0,0,20240404,20241214
2098,0,0,0,0,0,0,0,20240404,20241214
2099,0,1,1,1,0,0,0,20240404,20241214
2100,0,0,0,0,0,1,1,20240404,20241214
2101,1,1,1,1,1,1,1,20240404,20241214
2102,0,0,0,0,0,1,1,20240404,20241214
2103,0,0,0,0,0,1,0,20240404,20241214
2104,1,1,1,1,1,1,0,20240404,20241214
2105,0,0,0,0,0,0,0,20240404,20241214
2106,1,1,1,1,1,1,1,20240404,20241214
2107,0,0,0,0,0,0,0,20240404,20241214
2108,0,0,0,0,0,0,0,20240404,20241214
2109,1,1,1,1,0,0,1,20240404,20241214
2110,1,1,1,1,1,1,0,20240404,20241214
2111,1,0,1,1,1,0,0,20240404,20241214
2112,1,1,1,1,1,0,1,20240404,20241214
2113,0,0,0,0,0,0,0,20240404,20241214
2114,0,0,0,0,0,1,1,20240404,20241214
2115,0,0,0,0,0,0,0,20240404,20241214
2116,0,0,0,0,0,0,0,20240404,20241214
2117,1,1,1,1,1,0,0,20240404,20241214
2118,0,0,0,0,0,0,0,20240404,20241214
2119,1,1,1,1,1,1,0,20240404,20241214
2120,0,0,0,0,0,0,0,20240404,20241214
2121,1,1,1,1,1,1,0,20240404,20241214
2122,0,0,0,0,0,0,0,20240404,20241214
2123,1,1,1,1,1,1,1,20240404,20241214
2124,0,0,0,0,0,1,1,20240404,20241214
2125,0,0,0,0,0,0,0,20240404,20241214
2126,1,1,1,1,1,0,1,20240404,20241214
2127,0,0,0,0,0,0,1,20240404,20241214
2128,0,0,0,0,0,1,0,20240404,20241214
2129,0,0,0,0,0,1,0,20240404,20241214
2130,0,1,1,1,1,0,0,20240404,20241214
2131,0,0,0,0,0,1,1,20240404,20241214
2132,0,0,0,0,0,0,1,20240404,20241214
2133,0,0,0,0,0,0,0,20240404,20241214
2134,0,0,0,0,0,0,0,20240404,20241214
2135,0,0,0,0,0,0,0,20240404,20241214
2136,0,0,0,0,0,0,0,20240404,20241214
2137,0,0,0,0,0,0,0,20240404,20241214
2138,1,1,1,1,1,0,0,20240404,20241214
2139,1,1,1,1,1,1,0,20240404,20241214
2140,1,1,1,1,1,1,1,20240404,20241214
2141,0,0,0,0,0,1,1,20240404,20241214
2142,1,1,1,1,1,0,1,20240404,20241214
2143,0,0,0,0,0,0,0,20240404,20241214
2144,0,0,0,0,0,0,0,20240404,20241214
2145,0,0,0,0,0,0,0,20240404,20241214
2146,0,0,0,0,0,0,0,20240404,20241214
2147,0,0,0,0,0,0,0,20240404,20241214
2148,1,1,1,1,1,0,0,20240404,20241214
2149,0,0,0,0,0,0,0,20240404,20241214
2150,0,0,0,0,0,0,0,20240404,20241214
2151,1,1,1,1,0,0,0,20240404,20241214
2152,1,1,1,1,1,1,1,20240404,20241214
2153,0,0,0,0,0,0,0,20240404,20241214
2154,0,0,0,0,0,0,1,20240404,20241214
2155,0,0,0,0,0,0,0,20240404,20241214
2156,0,0,0,0,0,0,0,20240404,20241214
2157,0,0,0,0,0,0,1,20240404,20241214
2158,0,0,0,0,0,0,0,20240404,20241214
2159,0,0,0,0,1,1,0,20240404,20241214
2160,0,0,0,0,0,0,0,20240404,20241214
2161,0,0,0,0,0,0,0,20240404,20241214
2162,1,1,1,1,0,0,1,20240404,20241214
2163,0,0,0,0,0,0,0,20240404,20241214
2164,0,0,0,0,1,0,0,20240404,20241214
2165,1,1,1,1,0,0,0,20240404,20241214
2166,0,0,0,0,0,1,0,20240404,20241214
2167,0,0,0,0,1,0,0,20240404,20241214
2168,0,0,0,0,1,0,0,20240404,20241214
2169,0,0,0,0,0,1,0,20240404,20241214
2170,0,0,0,0,0,0,0,20240404,20241214
2171,0,0,0,0,1,0,0,20240404,20241214
2172,0,0,0,0,0,1,0,20240404,20241214
2173,0,0,0,0,0,0,1,20240404,20241214
2174,0,0,0,0,0,0,0,20240404,20241214
2175,1,1,1,1,1,1,0,20240404,20241214
2176,1,1,1,1,1,0,0,20240404,20241214
2177,1,1,1,1,1,0,0,20240404,20241214
2178,0,0,0,0,1,1,0,20240404,20241214
2179,1,1,1,1,1,1,1,20240404,20241214
2180,1,1,1,1,1,1,0,20240404,20241214
2181,1,1,1,1,1,0,0,20240404,20241214
2182,0,0,0,0,0,0,0,20240404,20241214
2183,0,0,0,0,0,1,1,20240404,20241214
2184,0,0,0,0,0,0,1,20240404,20241214
2185,0,0,0,0,0,0,0,20240404,20241214
2186,1,1,1,1,1,0,1,20240404,20241214
2187,1,1,1,1,1,0,0,20240404,20241214
2188,1,1,1,1,1,0,0,20240404,20241214
2189,0,0,0,0,0,1,1,20240404,20241214
2190,0,0,0,0,0,0,0,20240404,20241214
2191,0,0,0,0,0,0,0,20240404,20241214
2192,0,0,0,0,1,0,0,20240404,20241214
2193,0,0,0,0,0,0,0,20240404,20241214
2194,0,0,0,0,0,0,0,20240404,20241214
2195,0,0,0,0,0,0,0,20240404,20241214
2196,0,0,0,0,0,1,1,20240404,20241214
2197,0,0,0,0,0,0,0,20240404,20241214
2198,0,0,0,0,0,0,0,20240404,20241214
2199,0,0,0,0,0,1,1,20240404,20241214
2200,0,0,0,0,0,1,1,20240404,20241214
2201,0,0,0,0,0,1,0,20240404,20241214
2202,1,1,1,1,1,1,1,20240404,20241214
2203,0,0,0,0,0,0,0,20240404,20241214
2204,0,0,0,0,0,0,0,20240404,20241214
2205,0,1,0,1,0,0,0,20240404,20241214
2206,0,0,0,0,0,1,1,20240404,20241214
2207,1,1,1,1,1,0,0,20240404,20241214
2208,0,0,0,0,0,0,0,20240404,20241214
2209,1,1,1,1,1,0,0,20240404,20241214
2210,0,1,0,0,1,0,0,20240404,20241214
2211,0,0,0,0,0,0,0,20240404,20241214
2212,0,1,0,0,1,0,0,20240404,20241214
2213,1,0,0,1,0,0,0,20240404,20241214
2214,1,1,1,1,1,0,0,20240404,20241214
2215,0,0,0,0,0,0,0,20240404,20241214
2216,0,0,0,0,0,1,1,20240404,20241214
2217,0,0,0,0,0,0,0,20240404,20241214
2218,1,1,1,1,1,0,0,20240404,20241214
2219,0,0,0,0,0,0,0,20240404,20241214
2220,0,0,0,1,0,0,0,20240404,20241214
2221,1,1,1,1,1,1,1,20240404,20241214
2222,0,0,0,0,0,0,0,20240404,20241214
2223,1,0,1,0,1,0,0,20240404,20241214
2224,0,0,0,0,0,1,1,20240404,20241214
2225,1,0,1,0,0,0,0,20240404,20241214
2226,0,0,0,0,0,0,0,20240404,20241214
2227,1,0,1,0,0,1,0,20240404,20241214
2228,1,1,1,1,1,0,0,20240404,20241214
2229,0,0,0,0,0,1,1,20240404,20241214
2230,0,0,0,0,0,0,0,20240404,20241214
2231,0,0,0,0,0,1,1,20240404,20241214
2232,1,0,1,0,0,1,1,20240404,20241214
2233,0,0,0,0,0,1,0,20240404,20241214
2234,0,0,0,0,0,0,0,20240404,20241214
2235,0,0,0,0,0,0,0,20240404,20241214
2236,1,1,1,1,1,1,1,20240404,20241214
2237,0,0,0,0,0,0,0,20240404,20241214
2238,0,0,0,0,0,1,1,20240404,20241214
2239,1,1,1,1,1,0,0,20240404,20241214
2240,0,0,0,0,0,0,1,20240404,20241214
2241,0,0,0,0,0,0,0,20240404,20241214
2242,0,0,0,0,0,0,0,20240404,20241214
2243,0,0,0,0,0,0,1,20240404,20241214
2244,0,0,0,0,0,0,0,20240404,20241214
2245,0,0,0,0,0,0,0,20240404,20241214
2246,1,1,1,1,1,0,0,20240404,20241214
2247,0,0,0,0,0,1,1,20240404,20241214
2248,1,1,1,1,1,0,0,20240404,20241214
2249,0,0,0,0,0,0,0,20240404,20241214
2250,1,1,1,0,1,0,0,20240404,20241214
2251,0,0,1,0,0,0,0,20240404,20241214
2252,0,0,0,0,0,0,0,20240404,20241214
2253,0,0,0,0,0,1,0,20240404,20241214
2254,0,0,0,0,0,1,0,20240404,20241214
2255,0,0,0,0,0,0,1,20240404,20241214
2256,0,0,0,0,0,0,0,20240404,20241214
2257,0,0,0,0,0,0,0,20240404,20241214
2258,0,0,0,0,0,0,0,20240404,20241214
2259,0,0,0,0,0,0,0,20240404,20241214
2260,0,0,0,0,0,1,1,20240404,20241214
2261,0,0,0,0,0,0,0,20240404,20241214
2262,0,0,1,0,0,1,1,20240404,20241214
2263,1,1,1,1,1,0,0,20240404,20241214
2264,0,0,0,0,0,1,0,20240404,20241214
2265,0,0,0,0,0,0,1,20240404,20241214
2266,0,0,0,0,1,1,0,20240404,20241214
2267,0,0,0,0,0,1,0,20240404,20241214
2268,0,0,0,0,0,0,1,20240404,20241214
2269,0,0,1,0,0,0,0,20240404,20241214
2270,0,0,0,0,0,0,0,20240404,20241214
2271,1,1,1,1,1,0,0,20240404,20241214
2272,0,0,0,0,0,0,0,20240404,20241214
2273,0,0,0,0,0,0,0,20240404,20241214
2274,0,0,0,0,0,0,0,20240404,20241214
2275,0,0,0,0,0,0,0,20240404,20241214
2276,0,0,0,0,0,0,0,20240404,20241214
2277,0,0,0,0,0,0,0,20240404,20241214
2278,0,0,0,0,0,0,0,20240404,20241214
2279,0,0,0,0,0,1,0,20240404,20241214
2280,0,0,0,0,0,0,0,20240404,20241214
2281,0,0,0,0,0,0,0,20240404,20241214
2282,0,0,0,0,0,0,0,20240404,20241214
2283,0,0,1,0,0,0,0,20240404,20241214
2284,0,0,0,0,0,1,1,20240404,20241214
2285,0,0,0,0,0,1,1,20240404,20241214
2286,0,0,0,0,0,0,0,20240404,20241214
2287,0,0,0,0,0,1,1,20240404,20241214
2288,0,0,0,0,1,0,0,20240404,20241214
2289,0,0,0,0,0,1,1,20240404,20241214
2290,0,0,0,0,0,0,0,20240404,20241214
2291,0,0,0,0,0,1,0,20240404,20241214
2292,0,0,0,0,0,0,0,20240404,20241214
2293,1,1,1,1,1,1,0,20240404,20241214
2294,0,0,0,0,0,0,0,20240404,20241214
2295,0,0,0,0,0,0,0,20240404,20241214
2296,1,1,1,1,1,1,1,20240404,20241214
2297,1,0,1,0,0,1,0,20240404,20241214
2298,0,0,0,0,0,0,1,20240404,20241214
2299,0,0,0,0,0,1,1,20240404,20241214
2300,0,0,0,0,0,1,1,20240404,20241214
2301,0,0,0,0,0,1,0,20240404,20241214
2302,0,0,0,0,0,1,0,20240404,20241214
2303,0,0,0,0,0,1,1,20240404,20241214
2304,0,0,1,0,0,0,0,20240404,20241214
2305,1,0,1,0,0,0,0,20240404,20241214
2306,0,0,0,0,0,0,1,20240404,20241214
2307,1,1,1,1,1,0,1,20240404,20241214
2308,1,1,1,1,1,1,1,20240404,20241214
2309,0,0,0,0,0,0,0,20240404,20241214
2310,1,1,1,1,1,1,1,20240404,20241214
2311,0,0,0,0,0,1,1,20240404,20241214
2312,1,1,1,1,0,1,1,20240404,20241214
2313,0,0,0,0,0,0,0,20240404,20241214
2314,1,1,1,1,1,0,0,20240404,20241214
2315,1,1,1,1,1,1,1,20240404,20241214
2316,0,0,0,0,0,0,0,20240404,20241214
2317,1,1,1,1,1,0,0,20240404,20241214
2318,1,1,1,1,1,0,0,20240404,20241214
2319,0,0,0,0,0,0,0,20240404,20241214
2320,1,1,1,1,1,0,0,20240404,20241214
2321,0,0,0,0,0,1,1,20240404,20241214
2322,1,1,1,1,1,0,0,20240404,20241214
2323,1,1,1,1,0,0,0,20240404,20241214
2324,0,0,0,0,0,0,1,20240404,20241214
2325,1,1,1,1,0,0,0,20240404,20241214
2326,0,0,0,0,1,1,0,20240404,20241214
2327,0,0,0,0,1,0,0,20240404,20241214
2328,1,1,1,1,1,1,1,20240404,20241214
2329,1,1,1,1,1,1,1,20240404,20241214
2330,1,1,1,1,1,1,0,20240404,20241214
2331,0,0,0,0,0,0,1,20240404,20241214
2332,0,0,0,0,0,1,1,20240404,20241214
2333,0,0,0,0,0,1,0,20240404,20241214
2334,0,0,0,0,1,0,0,20240404,20241214
2335,0,0,0,0,1,1,0,20240404,20241214
2336,0,0,0,0,0,0,0,20240404,20241214
2337,1,1,1,1,1,1,0,20240404,20241214
2338,0,0,0,0,0,1,0,20240404,20241214
2339,1,1,1,1,1,0,1,20240404,20241214
2340,0,0,0,0,0,1,1,20240404,20241214
2341,0,0,0,0,0,0,1,20240404,20241214
2342,1,1,1,1,1,1,1,20240404,20241214
2343,0,0,0,0,1,1,0,20240404,20241214
2344,0,0,0,0,0,0,0,20240404,20241214
2345,0,0,0,0,1,1,0,20240404,20241214
2346,0,0,0,0,0,0,0,20240404,20241214
2347,0,0,0,0,1,0,0,20240404,20241214
2348,0,0,0,0,0,0,1,20240404,20241214
2349,0,0,1,0,0,1,0,20240404,20241214
2350,0,0,0,0,0,0,0,20240404,20241214
2351,0,0,0,0,0,0,0,20240404,20241214
2352,1,1,1,1,1,0,0,20240404,20241214
2353,0,0,0,0,0,1,0,20240404,20241214
2354,0,0,0,0,0,0,0,20240404,20241214
2355,0,0,0,0,0,1,1,20240404,20241214
2356,0,0,0,0,0,1,0,20240404,20241214
2357,0,0,0,0,0,1,1,20240404,20241214
2358,0,0,0,0,0,0,0,20240404,20241214
2359,1,0,0,0,0,0,0,20240404,20241214
2360,0,0,0,0,0,1,1,20240404,20241214
2361,0,0,0,0,0,0,1,20240404,20241214
2362,0,0,1,0,0,0,0,20240404,20241214
2363,1,1,1,1,1,0,0,20240404,20241214
2364,1,1,1,1,1,1,0,20240404,20241214
2365,0,0,0,0,0,1,1,20240404,20241214
2366,0,0,0,0,0,1,0,20240404,20241214
2367,0,0,0,0,0,0,0,20240404,20241214
2368,0,0,0,0,0,0,0,20240404,20241214
2369,0,0,0,0,0,0,0,20240404,20241214
2370,0,0,0,0,0,1,0,20240404,20241214
2371,0,0,0,0,0,1,0,20240404,20241214
2372,0,0,0,0,0,1,1,20240404,20241214
2373,1,1,1,1,1,1,0,20240404,20241214
2374,0,0,0,0,0,0,1,20240404,20241214
2375,0,0,0,0,0,0,0,20240404,20241214
2376,1,1,1,1,1,0,0,20240404,20241214
2377,0,0,0,0,0,0,0,20240404,20241214
2378,0,0,0,0,0,1,0,20240404,20241214
2379,0,0,0,0,0,1,0,20240404,20241214
2380,0,0,0,0,0,0,1,20240404,20241214
2381,1,1,1,1,1,0,0,20240404,20241214
2382,1,1,1,1,1,1,1,20240404,20241214
2383,0,0,0,0,0,1,0,20240404,20241214
2384,1,1,1,1,1,0,0,20240404,20241214
2385,0,0,0,0,0,1,1,20240404,20241214
2386,1,1,1,1,1,1,0,20240404,20241214
2387,0,0,0,0,0,0,1,20240404,20241214
2388,1,1,1,1,1,1,1,20240404,20241214
2389,1,1,1,1,1,1,0,20240404,20241214
2390,0,0,0,0,0,1,1,20240404,20241214
2391,0,0,0,0,0,1,0,20240404,20241214
2392,0,0,0,0,0,1,1,20240404,20241214
2393,1,1,1,1,1,1,0,20240404,20241214
2394,0,0,0,0,0,1,0,20240404,20241214
2395,0,0,0,0,0,1,1,20240404,20241214
2396,1,0,0,0,0,0,0,20240404,20241214
2397,1,1,1,1,1,0,0,20240404,20241214
2398,0,0,0,0,0,1,0,20240404,20241214
2399,1,1,1,1,1,1,0,20240404,20241214
2400,1,0,0,0,0,1,0,20240404,20241214
2401,1,0,0,0,0,1,1,20240404,20241214
2402,1,0,0,0,0,1,0,20240404,20241214
2403,1,0,0,0,0,0,0,20240404,20241214
2404,1,0,0,0,0,0,0,20240404,20241214
2405,0,0,0,0,0,0,1,20240404,20241214
2406,1,1,1,1,1,1,0,20240404,20241214
2407,1,1,1,1,1,1,1,20240404,20241214
2408,1,1,1,1,1,1,0,20240404,20241214
2409,1,1,1,1,1,1,1,20240404,20241214
2410,1,1,1,1,1,0,0,20240404,20241214
2411,0,0,0,0,0,0,0,20240404,20241214
2412,1,1,1,1,1,0,0,20240404,20241214
2413,0,0,0,0,0,1,0,20240404,20241214
2414,1,1,1,1,1,0,1,20240404,20241214
2415,0,0,0,0,1,1,0,20240404,20241214
2416,1,1,1,1,0,0,1,20240404,20241214
2417,1,1,1,1,0,0,0,20240404,20241214
2418,0,0,0,0,1,1,1,20240404,20241214
2419,0,0,0,0,0,0,0,20240404,20241214
2420,0,0,0,0,0,0,0,20240404,20241214
2421,0,0,0,0,0,0,0,20240404,20241214
2422,0,0,0,0,0,0,0,20240404,20241214
2423,0,0,0,0,0,0,0,20240404,20241214
2424,0,0,0,0,0,0,0,20240404,20241214
2425,0,0,0,0,0,1,0,20240404,20241214
2426,0,0,0,0,0,0,1,20240404,20241214
2427,0,0,0,0,0,1,1,20240404,20241214
2428,0,0,0,0,0,1,0,20240404,20241214
2429,0,0,0,0,0,1,1,20240404,20241214
2430,1,1,1,1,1,1,0,20240404,20241214
2431,0,0,0,0,0,0,1,20240404,20241214
2432,1,1,1,1,1,1,1,20240404,20241214
2433,1,1,1,1,1,1,1,20240404,20241214
2434,1,1,1,1,0,1,0,20240404,20241214
2435,0,0,0,0,1,0,1,20240404,20241214
2436,0,0,0,0,0,0,0,20240404,20241214
2437,0,0,0,0,0,0,0,20240404,20241214
2438,0,0,0,0,0,0,0,20240404,20241214
2439,0,0,0,0,0,0,0,20240404,20241214
2440,0,0,0,0,0,1,0,20240404,20241214
2441,0,0,0,0,0,1,1,20240404,20241214
2442,0,0,0,0,0,0,0,20240404,20241214
2443,0,0,0,0,0,1,0,20240404,20241214
2444,1,1,1,1,0,0,1,20240404,20241214
2445,0,0,0,0,0,0,0,20240404,20241214
2446,0,0,0,0,0,1,0,20240404,20241214
2447,0,0,0,0,0,0,0,20240404,20241214
2448,0,0,0,0,0,0,0,20240404,20241214
2449,0,0,0,0,0,0,0,20240404,20241214
2450,0,0,0,0,0,1,1,20240404,20241214
2451,0,0,0,0,0,0,0,20240404,20241214
2452,0,0,0,0,0,0,0,20240404,20241214
2453,1,1,1,1,1,0,0,20240404,20241214
2454,0,0,0,0,0,0,0,20240404,20241214
2455,1,1,1,1,1,1,1,20240404,20241214
2456,1,1,1,1,1,0,0,20240404,20241214
2457,0,0,0,0,0,0,0,20240404,20241214
2458,0,0,0,0,0,0,1,20240404,20241214
2459,1,1,1,1,1,0,0,20240404,20241214
2460,1,1,1,1,1,0,0,20240404,20241214
2461,1,1,1,1,1,1,0,20240404,20241214
2462,1,1,1,1,1,1,1,20240404,20241214
2463,0,0,0,0,0,0,0,20240404,20241214
2464,0,0,0,0,0,1,0,20240404,20241214
2465,1,0,0,0,0,0,1,20240404,20241214
2466,1,0,0,0,0,0,0,20240404,20241214
2467,0,0,0,0,0,0,0,20240404,20241214
2468,1,1,1,1,1,1,0,20240404,20241214
2469,1,1,1,1,1,0,0,20240404,20241214
2470,0,0,0,0,0,0,0,20240404,20241214
2471,0,0,0,0,0,0,0,20240404,20241214
2472,0,0,0,0,0,0,0,20240404,20241214
2473,0,0,0,0,0,1,1,20240404,20241214
2474,0,0,0,0,0,0,1,20240404,20241214
2475,0,0,0,0,0,1,1,20240404,20241214
2476,0,0,0,0,0,1,0,20240404,20241214
2477,0,0,0,0,0,0,0,20240404,20241214
2478,0,0,0,0,0,0,0,20240404,20241214
2479,1,1,1,1,1,0,0,20240404,20241214
2480,0,0,0,0,0,1,0,20240404,20241214
2481,0,0,0,0,0,0,0,20240404,20241214
2482,0,0,0,0,0,0,0,20240404,20241214
2483,0,0,0,0,0,1,1,20240404,20241214
2484,0,0,0,0,0,0,0,20240404,20241214
2485,0,0,0,0,0,0,0,20240404,20241214
2486,0,0,0,0,1,1,0,20240404,20241214
2487,0,0,0,0,0,0,0,20240404,20241214
2488,0,0,0,0,1,0,0,20240404,20241214
2489,0,0,0,0,0,0,0,20240404,20241214
2490,1,0,0,0,0,0,0,20240404,20241214
